	id	0	1	2	3	4	5	6	7	8	9	10	11	12	13	14	15	16	17	18	19	20	21	22	23	24
0	Abbes_Voyage	0.08617426110272215	0.15017299097260858	0.054510094498018934	0.01088848566348019	0.04058404578972612	0.06545944863223598	0.03018028640949259	0.02776818780147688	0.05937201427137043	0.027852318235043017	0.0223137288014047	0.0033311096499934133	0.0037675685536543283	0.042284405844066425	0.05055561175277814	0.021120159819428132	0.03737439072573139	0.014422893579711665	0.005391203878910879	0.03232694620997448	0.03492714141821791	0.056538792140410576	0.08679316288822077	0.0098323609352185	0.02605839042610378
1	Anonym_Suzon	0.07358377428869305	0.03396958232256992	0.0578561673215245	0.01594400124163652	0.049269033699441835	0.030711449209690017	0.028625520507134652	0.010013383502024367	0.058913564225436976	0.0267328930029964	0.08984855733484809	0.00567365523610194	0.03977781469491589	0.048524728099574095	0.09545992738986256	0.0146699550660584	0.016314381891804185	0.03303525884492647	0.037339219922077345	0.01167065126685605	0.08390821175705362	0.051860934219922675	0.04018681531992051	0.030845776320585945	0.015264743314344005
2	Anonyme_Etourdi	0.1181039455699145	0.028847041347912064	0.14196111799220668	0.040349058687999546	0.03303702477962172	0.039598657757113014	0.016594464241024683	0.005658491278762667	0.044293329138011775	0.01757633404929462	0.10766012149788223	0.003971657225150748	0.0012553819000636678	0.025997932518661053	0.07848467321098081	0.030727313130746534	0.009504203555561105	0.008475490951006961	0.044299530102693725	0.005841261253034348	0.050060273760699395	0.044297741946563815	0.05222482325802584	0.040229084733894756	0.010951046113173586
3	Anonyme_Zoloe	0.05825086801821841	0.03499032211444011	0.08772140717031353	0.036932439149209934	0.04464809373916382	0.0952752759106253	0.04708137166161433	0.04284322717483374	0.04142017878207451	0.03127339028718568	0.052979143164729466	0.01935813820800751	0.003959119200096592	0.020416151908245986	0.04613590426869863	0.009885414656404821	0.018244502815154127	0.017001379273855574	0.01332554345390755	0.02794091720666506	0.04197403443562924	0.018563837219843	0.04658910568163999	0.122669412695946	0.02052082180349698
4	Arnaud_Sentiment	0.03623734942979527	0.009507717424288471	0.06888071612560497	0.3060915668999403	0.004864010334069703	0.10482329107773723	0.022790707299505702	0.005914211220354741	0.026176325813130903	0.012393279101481606	0.04956934826248442	0.030825055849096224	0.0007570901096505755	0.024392368259892185	0.031238583683774822	0.024014660056555632	0.01013014276483823	0.002736918280195691	0.059831102197531814	0.005936920825739818	0.014566357891307823	0.05224811945082513	0.06608139181743723	0.004017360224121079	0.025975405600640166
5	Beauharnais_Lettres	0.033358733153551395	0.0037777620262738143	0.059882381080976564	0.229345161747499	0.002315519398348518	0.06010577891597492	0.013520070925246205	0.003998543038317928	0.050608195849222055	0.013368593188726456	0.10157320198817792	0.007175547567998919	0.00038306720651268744	0.021236210521661747	0.01905226175649443	0.05097894312961087	0.004610148716747101	0.0010334273261359465	0.02855257629231254	0.0016099699809659347	0.00609851639294957	0.1849025713831061	0.08143670783005656	0.0033799933070038832	0.017696117276128926
6	Beaumont_Clarice	0.025443849027969336	0.0236723155288061	0.06519452046967954	0.007127923291619737	0.02023421690396707	0.025586648820552532	0.05300303302882481	0.07126453191301045	0.03081013789267051	0.04690996538400847	0.1264391430893199	0.03447759130292966	0.008350792869842208	0.06045557885841218	0.028079118266120976	0.005163943775028008	0.009148148208967198	0.020399540976326656	0.16655444973703448	0.002161987831995446	0.017078367529174424	0.08442323279723239	0.03878178310171249	0.004218827243784462	0.025020352151010932
7	Beckford_Vathek	0.024485636454827153	0.008119548948719125	0.03408187617021569	0.011502614894543876	0.09020487189385236	0.1219968955917044	0.0034642326110026268	0.2096281965758305	0.05441536729666926	0.009879105334012341	0.028830788655426823	0.027848655391279325	0.005227948953540974	0.015304313499319442	0.027759358515327587	0.010905801956771944	0.0039186401051642455	0.03328533346001972	0.021672622202840625	0.04599998756714481	0.08168620119576112	0.03414592262677248	0.06561564310890153	0.012267274628409817	0.017753162361942156
8	Benoist_Elisabeth3	0.06739781224217349	0.019412970821809088	0.05182767172423038	0.0810424101492186	0.00951430978052121	0.034903133521707305	0.01057739192150376	0.0033026701752587283	0.07188541467041076	0.00911173087940871	0.14431255701329823	0.005743821864297496	0.0018802826865331216	0.03083037915149634	0.014996456240805908	0.17555770474958265	0.029045442535414797	0.0034782763277804904	0.026898325854048628	0.00222289657282208	0.01789668184759643	0.11724758583337894	0.044085914710095785	0.01101557256149993	0.01581258616510702
9	Benouville_Pensees	0.0799219709899543	0.027142569707048224	0.03559934616515541	0.04186464194505811	0.006783364148643315	0.01882740475563756	0.023644552443118826	0.00827443687058032	0.16075295399588957	0.021133924938715253	0.1106481911307261	0.006361609542145995	0.00040978109553217284	0.08145705840049904	0.042576305976362264	0.03031168650824792	0.06230732344595504	0.0054440255885917065	0.022444302634241756	0.002657152653251531	0.01392172678433264	0.07100481704008908	0.03531389580894077	0.00363909390472241	0.08755786352656061
10	Bernardin_Paul	0.022013991772730276	0.06244128274679393	0.03560178529775292	0.016005465037351927	0.04369689430925726	0.04255453462180008	0.054539679908655464	0.22318615639826928	0.04485804258126307	0.00847124428907236	0.03589428638259031	0.0042400164274696206	0.001541828279313565	0.03882670399516983	0.032647917673920654	0.020390103646140526	0.029541553075120155	0.00490810674951272	0.059505525048100576	0.048307938917626726	0.03723418240158056	0.06710685289517974	0.032277673382530486	0.0014058852041923234	0.03280234895860564
11	Berquin_Enfants	0.017633432148771656	0.005790424699643834	0.019727325717083518	0.014051790282243687	0.24925061700353884	0.027277966453806066	0.007240059163314509	0.016175080615528144	0.20613062935791868	0.007850485954829917	0.01732833174683908	0.004012990753069762	0.003162151314624746	0.026969131189082552	0.03026914808117138	0.0141600275110948	0.013323637702827568	0.006182669119764713	0.08608686856217265	0.05840166869768006	0.08720937076665158	0.03365507269052622	0.03029542843743835	0.009142321593906662	0.008673370436470984
12	Cazotte_Diable	0.05797888571755626	0.020448601641727095	0.06171829943808828	0.03577675825545541	0.048515457979020966	0.09025637501022613	0.01182530883475962	0.02870126913899423	0.05661902850021266	0.010988978190359513	0.10738748060646097	0.006038783016971287	0.001346759529502813	0.030922600520664405	0.10521000750130524	0.012658464257604323	0.02653949656834068	0.01046149850921796	0.022554474239336788	0.019360512477379903	0.09900915617205931	0.031035852339669323	0.07769896718461802	0.011539883575182715	0.01540710079528603
13	Charriere_Femmes	0.0882906733637028	0.026006357897010203	0.027422252018592375	0.022552142389528858	0.029647856619553624	0.023197751163322903	0.036006419142906074	0.016041771741457458	0.16045666801082767	0.012519323250988002	0.061482152136429415	0.006772908612994841	0.0010626359808742897	0.06655407151013366	0.06515783013014326	0.052532468983919736	0.02288447015296487	0.018913855306734447	0.05087586232356985	0.012781870070747794	0.058717294682304175	0.04485972022835176	0.050556569027398454	0.0215926969697782	0.02311437828576523
14	Charriere_Lausanne	0.12770535383273535	0.027234357400841486	0.026918891442452055	0.03207365959708718	0.02155400427126047	0.016741560484225745	0.02392134314050255	0.006384832487603114	0.17866104644551603	0.006697504030892564	0.054217384663816044	0.003505900266498159	0.0018228954577033372	0.05410167136713219	0.03982130453753136	0.0479670815565325	0.01182931946176865	0.0066948395831367465	0.07976986771293985	0.007840723240110222	0.06741788178652865	0.07857945601231923	0.06376943955897231	0.00396410459248525	0.010805577069408955
15	Constant_Laure1	0.19454086589524214	0.031231291549910858	0.04072593662289395	0.029840768078898763	0.015866159842582717	0.010656132317296037	0.017003794235670347	0.008538610864120113	0.16026816764103385	0.008608572861121372	0.10205831593948467	0.0012402893094844746	0.0010554301263051137	0.03836589097548823	0.04246369595700383	0.046217223593853836	0.014682720379358012	0.00155901389472907	0.02981515620800912	0.03742784098559481	0.025414466642725342	0.08282041114889623	0.04849041633149819	0.002530313477059344	0.008578515121739646
16	Constant_Laure2	0.2035149034958567	0.017094855359793316	0.026939437015089086	0.015143205359162915	0.01192914532114925	0.021568158152972246	0.008859901114040277	0.0041098776713724425	0.1941513465641584	0.006909990770853055	0.08678677523909335	0.0015833142798214132	0.0009699079826789147	0.025636810295116913	0.06794363813931505	0.06167415979215004	0.011332283268960349	0.003528356526461149	0.036769727355393654	0.010324214542844948	0.04108642413554028	0.07444855103918277	0.058551332101417296	0.0033822041018610146	0.005761480375715101
17	Cottin_Claire	0.04133695225057428	0.0032370462982236137	0.07980360942635824	0.14065430025759357	0.00864639967926618	0.15101626288217798	0.00979101362823554	0.008662051487827654	0.10888955164719105	0.01729203281930468	0.051178840061805585	0.0018357845890268377	0.0007145506183386144	0.037143963186996067	0.019758979625971847	0.03090225103322603	0.023383768108659744	0.011191730070204972	0.02480568934559654	0.01598892898716475	0.02081360965772537	0.08907295514262528	0.0811199264237866	0.00352525857975744	0.0192345441923615
18	Diderot_Jacques	0.032641676457278945	0.016944323357014197	0.013495188578215894	0.022499756173174817	0.04421469715212052	0.030439720100905444	0.012483361832336016	0.004686366733317537	0.1220663273057247	0.021122771391392015	0.04589713876923556	0.0040119599520533206	0.0022817557753064413	0.02845721109408089	0.05301020176088097	0.03240205828133236	0.0071322706685033425	0.2841232990911001	0.03354000980704	0.0033120490047366014	0.10082116096270931	0.029277996644948175	0.036114867808151235	0.008848021556853195	0.010175809741588392
19	Diderot_Neveu	0.04801836240143882	0.09000435396305362	0.020572756085958065	0.020670634090630278	0.08843645108966336	0.0384506813187421	0.03017525389764591	0.013535112339892868	0.1520215665814104	0.02810002369661721	0.03157048560270807	0.003691427337971627	0.004072424336034849	0.0700539416289528	0.015452576356360074	0.009898436100978377	0.026064626970897634	0.13964473633459706	0.017028627001473288	0.007971250360952713	0.056513745811031725	0.02243724003702758	0.02897587421880952	0.014801650810633551	0.02183776162651845
20	Diderot_Religieuse	0.03918534210326358	0.028413447445584297	0.02017021366413282	0.02360423635514377	0.02294973702175914	0.05522362542260778	0.009777836748870828	0.006417220075969871	0.10746673520875394	0.02721079573820914	0.07526174165844013	0.002244191678470548	0.000873960140938271	0.040573155097219774	0.02227571712878689	0.056892060010428604	0.01405366163116907	0.009666792040482836	0.05205811556947415	0.002710515551175372	0.2313219155909524	0.06630159863554268	0.05399455804332144	0.0030438616058240738	0.028308965833478566
21	Diderot_Supplement[1]	0.042805832384796315	0.020993268490616702	0.026133562824967503	0.037351704334024426	0.017578485634220806	0.04611265678708064	0.06920016409717045	0.05246728367277895	0.07642233303933393	0.06510104770286854	0.03946281783781772	0.0008540185719454349	0.005642874317112453	0.09933916882558158	0.022559723845886025	0.007291424343914943	0.1250436155212248	0.018169422611817795	0.10162542579396004	0.011299150659750937	0.023546006964212888	0.030300451854987913	0.023638352612760625	0.0036267235044642058	0.03343448376670433
22	Doppet_Memoires	0.06885917129619179	0.04582611134482546	0.0506476191012128	0.07216627953861104	0.027886386069541334	0.04623257714089463	0.05060678345312804	0.018873178469238257	0.045108361527252644	0.025106537399700233	0.06885013167836171	0.003134908041112937	0.0008241364034503645	0.04806087360855358	0.09924349005778693	0.02651610077383678	0.025989134989368362	0.007943929476568759	0.03143671574283768	0.00814470746306424	0.029636422257088527	0.11315216968718149	0.03201621882537424	0.006378398847324904	0.04735965680749322
23	Dorat_Sacrifices	0.04522291174144126	0.009417060343967625	0.10707491595128661	0.21544641233150194	0.005193920483542737	0.05985822163827775	0.009566688974916087	0.0053298822170092415	0.09128731631051705	0.017086685577507876	0.08436603458767233	0.003343121851520564	0.0006268257212428484	0.027608164480796164	0.01689035759380413	0.07242830846249004	0.017366552605552348	0.00355798180655858	0.007427475797814362	0.011054690655216382	0.021741382973017347	0.10908443684680565	0.031534592836468894	0.011321532405293589	0.01616452580577871
24	Duclos_Acajou	0.11585770492263096	0.11205677549005506	0.08656314058792465	0.03332449280761109	0.037888865847579334	0.043057177219068585	0.012259383088586557	0.011633953906371333	0.051156706520360536	0.015912370644878986	0.09316334063236648	0.039607754467546614	0.0018075136577033952	0.07181629517140424	0.07417513419170517	0.012093950090021408	0.009644526648301281	0.0036202220987362707	0.009967630309832519	0.0351733096476197	0.03055694277176833	0.026834585611746106	0.058677677750628446	0.00686152947093025	0.006289016444622648
25	Ducray_Cinquante1	0.09311095746377845	0.016480620192898896	0.03351406072070166	0.05226572039820323	0.025005756455272164	0.022615661032627306	0.023289260087616406	0.002037891688503861	0.10171066088510877	0.019485365564884765	0.07474865330771047	0.0008715348573862743	0.001799324462877066	0.028539539312062285	0.053330675545195515	0.02683397821844757	0.008220944962431661	0.018389727818313644	0.15187992819174564	0.004770248167335187	0.04544473270977495	0.10005909659129245	0.07116084008176998	0.014486352544951389	0.009948468739110412
26	Dulaurens_Imirce	0.04776793464217391	0.0519059883817436	0.05094201167370828	0.021962654940888192	0.10061199395122548	0.035424162180507715	0.019810918899323224	0.02526027377525607	0.04289948039615671	0.014751843433374066	0.017317846490542875	0.014013837945708242	0.008662060280043592	0.029218060284898477	0.035949755606595225	0.01849875450037201	0.04614940811808675	0.19273111087448383	0.0676171045121258	0.020787944371059065	0.037691641275307414	0.026168960038630982	0.0327220011748559	0.011590373561171277	0.029543878691761276
27	Duras_Edouard	0.07741699011415289	0.014411860523124004	0.05030653536880086	0.06812541640595403	0.012453539846204046	0.04681435336659734	0.012824238193772609	0.026010939229433046	0.08932528006651101	0.01190966741316131	0.04974417814956075	0.018039752343748463	0.0021806929991006006	0.03021653843996949	0.02683394486286357	0.024142693049037107	0.023391338688036695	0.002621666246639356	0.034948912366163	0.010367987044838376	0.05731810835092516	0.19571405011870313	0.0948721168504163	0.0057041768915454824	0.014305023070741331
28	Duras_Ourika	0.09099530907012755	0.014265869862827745	0.04935012590977358	0.03436534500128444	0.002663826932746392	0.03701733074665914	0.025865671638291125	0.017750058725307962	0.09074549261035131	0.01390872180412246	0.054307613898354735	0.0018368617513696295	0.0009354216396172788	0.060932857989893674	0.01932317631009632	0.007569547698213111	0.016408984510924044	0.005689889809632888	0.05162003561038869	0.005995451358542493	0.040865992985804726	0.2629717953035912	0.06220789957254133	0.001585937335921058	0.030820781923617032
29	Fievee_Dot	0.1045879339288946	0.01649598608604388	0.04292792357819873	0.046393078214536865	0.014095653240238674	0.024577395143205845	0.03833180601206861	0.005086654411309415	0.05949090091490325	0.02152032942760365	0.12795926445807296	0.0019241879914991638	0.0015197831806346047	0.024604712838819667	0.04506441462205792	0.043792041253533656	0.008855543507216538	0.005134236374503668	0.08103338058910192	0.006376542985770924	0.03733764391280805	0.1439833632495583	0.08263453323714347	0.006904064662296791	0.00936862617997878
30	Florian_Estelle	0.012136672754528377	0.02883477140859824	0.04701190602703731	0.05586274697948341	0.008859349889740843	0.07712998937717282	0.03064540749317889	0.021523531340848195	0.027230656467396266	0.01018197902032204	0.026627297568183706	0.07147964000459875	0.00040834678222310104	0.019549226290839633	0.05032270775650302	0.01693614152906825	0.003630947170165711	0.0022117162255648345	0.05356119844795797	0.19500636870898055	0.03678693521681892	0.11636911797864244	0.07644168609364273	0.0025144502905756058	0.008737209177928343
31	Florian_Galatee	0.016089899957075424	0.054046814047928875	0.03318785976782194	0.0391394158158475	0.015029799758173075	0.06979895890865143	0.009554300572523435	0.019257553570011774	0.06359900814262802	0.007575135417089346	0.03476582032541961	0.012902281453366533	0.0013745955871111415	0.021749481435880343	0.06492518780548645	0.01983689173097425	0.009259678135763366	0.007565911279686659	0.045593121404510835	0.22348640826457677	0.038974690556494065	0.10926398320282127	0.07348330193205845	0.0016499752919913308	0.007889925636108035
32	Fourqueux_Zely	0.10334109243635826	0.010149516994379744	0.07182310667354125	0.08056791486342367	0.0028744900485531866	0.03098304491183268	0.025057634465693604	0.012910934945759726	0.11758223157009866	0.015056539274672655	0.1298140016803455	0.0024409973264473226	0.0011491253560829558	0.03513004829120913	0.044894659282087655	0.035530291375095086	0.017912333606023536	0.002359922447992155	0.014599497980907327	0.00865585856702365	0.02404976637129926	0.07820051170208919	0.09961867191559368	0.004953942921548834	0.03034386499194122
33	Genlis_Adele	0.15313923858645628	0.03714919607549863	0.03646241009428887	0.04391934023644043	0.017344378813406607	0.03460008169119798	0.014070595268286482	0.00967696745302493	0.06684934108103008	0.01121959119253931	0.07874660486764795	0.012156334191043321	0.0007405428582520333	0.06893252066169263	0.027343328033473096	0.08490807727336412	0.011066597647895363	0.002412814661412623	0.037471773952116996	0.006991912030980013	0.0415109022441288	0.06926335537449989	0.11289715623141337	0.0036558993355775833	0.017471040144332612
34	Genlis_Chevaliers	0.02909103124758873	0.006466672147302918	0.044524460234027986	0.06343902487590425	0.006670322807015009	0.08096843455287127	0.01792419758823156	0.01748121894344163	0.02906891304898886	0.014052250071651543	0.07384588144892963	0.11760663874617612	0.0006831172393578516	0.01769573656722897	0.03806332092500037	0.020859345585992926	0.007909540971755953	0.00244711367029064	0.02259701933657611	0.025361005252146546	0.06291745386951554	0.0789513764029323	0.2006604824695075	0.0026517295585122397	0.01806371243905348
35	Gorjy_Voyage	0.07620353373255766	0.04893449100592922	0.06526557362830755	0.01851156345179754	0.11880495244824991	0.021475549979615288	0.015337891413573244	0.013989136392681883	0.08831983343244705	0.011521342052281926	0.07127710165914906	0.006260719061214807	0.002977050722970911	0.04340349213455735	0.08514644399847016	0.018091564748728615	0.018023658789691838	0.022016757460955584	0.02305200492996924	0.030729480277380095	0.05721407030065123	0.04134962011068566	0.056691538848258304	0.031261521445456845	0.014141107974418955
36	Gérard_Comte	0.026837986945431335	0.02122419180175688	0.08627847365397638	0.04819040067439551	0.003875713360177305	0.03367766520129552	0.02407323718835733	0.01204192382225371	0.04728349929973237	0.012840377330775457	0.0863548724493613	0.006669721777268678	0.0007468920696572979	0.08621052842601029	0.011148798009620455	0.019130128626562503	0.056763343780878904	0.0019098317239182798	0.02319280593599041	0.004668587043910399	0.009678543493504221	0.07335447966471129	0.034611104295312986	0.003183450127479616	0.26605344329766145
37	Jacquant_Lettres	0.09478831107828517	0.008107953130049283	0.22370218593494898	0.06990810337522398	0.004116846045456069	0.023149998044805872	0.011705028878105614	0.006286810412800956	0.038648933048656964	0.013781361756901584	0.18433693001535767	0.0014300487227139026	0.0008479659568882266	0.028567179840420686	0.037209424766515065	0.02926005774912215	0.00811942072044227	0.0029305491439582903	0.020613756325669808	0.00506153999691602	0.017207672101331596	0.07138826983956795	0.07400526964597037	0.0030318799815810616	0.021794503488310444
38	Jacquin_Parisiennes2	0.10731239696087301	0.04760989025360056	0.13199323532350546	0.06779241412332077	0.00668438919746224	0.029943191837848514	0.04043722337761086	0.009441204317127489	0.044206875908610464	0.01834576538340605	0.1542389046922664	0.002612919000036047	0.0006663240694282406	0.05497112844398986	0.037808815860749474	0.03528078689141576	0.023365822663950264	0.004429537106209497	0.01773388582012926	0.002399112995773362	0.02299282379152242	0.0754540262027994	0.042057606620208694	0.005379245399697156	0.01684247375845873
39	Kimber_Thompson1	0.08758669547914655	0.020664932583760974	0.036710620740314635	0.023734183384659432	0.03290830812889006	0.03342321911359834	0.019599898581980527	0.00930221263110534	0.055461960593653686	0.02553727929123365	0.09059738448431935	0.0019991949241311363	0.000524376262993012	0.06661338016178496	0.21495989447280014	0.01869307314219139	0.012110783426590553	0.04295486569806254	0.04216192729704209	0.00988993374574431	0.0463896791468247	0.03397763918319499	0.04717151621650746	0.006891268289288232	0.020135773020181876
40	Kimber_Thompson2	0.06005832430362791	0.019966743778788525	0.049318676313333615	0.030165542084378417	0.02198555727741638	0.03525683516960521	0.016077631992033905	0.009507626937402668	0.05842914150682792	0.023153995661308165	0.09678147125695571	0.0013271250442219308	0.0007171410072243387	0.022371527549768712	0.20671427750209143	0.05526773115368314	0.008921098788026743	0.008146590006177167	0.052823688080645935	0.0050141128768094395	0.020948117551620515	0.11181609063609188	0.06583126269181001	0.0035387258012732478	0.015860965028877093
41	LaPlace_Collection	0.03400791786274111	0.009404696404272224	0.03642447433759502	0.04849597897461905	0.008158359480970318	0.04060153684715952	0.014758008362919761	0.009094957800543894	0.052474298546281564	0.014804885497832336	0.14801116462090738	0.03292567569138002	0.0004823338059824044	0.039602436830989095	0.0806447213310694	0.1441873251420804	0.005693046515309478	0.00363257891284068	0.043109910846353745	0.001889645243672237	0.028285895230480803	0.0860459164667998	0.09880802967252154	0.006996525489005311	0.011459680085672849
42	LaPlace_Lydia	0.15287402312707998	0.024588721329871686	0.084726859760891	0.028876737695247505	0.011055808949735981	0.021547345813102005	0.015498518253351454	0.0038735403533516266	0.04016238543173879	0.014130669067183275	0.2198488502994038	0.002317115130128828	0.00022284291550324196	0.06366521506546004	0.07282821841183737	0.014349984690132035	0.01692876149114072	0.0012417083040838891	0.014988839392806541	0.008991949384429543	0.0211706355873983	0.05552763282343757	0.07961824020229277	0.01475991091451645	0.016205485605875564
43	Laclos_Liaisons	0.061184023323730685	0.009298865011457344	0.0577417910604504	0.04006869671770868	0.006245161384300147	0.018748565547150303	0.0038863711285467683	0.0019478814077244044	0.1818785872871427	0.017787903215324644	0.19091807064399455	0.0028717319025946125	0.0007722867177405286	0.031244514504394687	0.032313165547380104	0.11206958804267898	0.006433316314834013	0.0036502034489362795	0.0146997467665569	0.0024049123092060912	0.047116921404472815	0.08755255214203266	0.04697386829409553	0.009212615634532269	0.01297866024301396
44	Lagrave_Sophie1	0.09654497457542717	0.002853730799743568	0.08643161199525948	0.06011123673391579	0.015854225287525905	0.05604942136990121	0.004038903225544763	0.004449408907147829	0.12278628267457858	0.0090503825148885	0.05940708938730823	0.0016447859311820895	0.0010804757212576302	0.01590123809940621	0.05339000501489447	0.0970327190210702	0.008417156692070453	0.006984435806812019	0.07139005148749432	0.019298015192841998	0.042793263842968624	0.09257360305665836	0.05436936446924939	0.010128748376632019	0.007418869816221119
45	Lagrave_Zabeth1	0.0759883574815296	0.0034297505411428745	0.037402894318541074	0.040805483010369695	0.02894631318882729	0.04708993641381359	0.004907292726925795	0.0024351487725201644	0.10946434209378149	0.01420305938601244	0.053674156367071346	0.0012552800136916072	0.0020914076132937894	0.021790819581964205	0.06123428242245284	0.02650644073308341	0.006505435768439799	0.00913856628252007	0.19037526369595667	0.006492697231402914	0.06654739525689837	0.1087157711974162	0.06916389004489981	0.006624911881853641	0.005211103975591261
46	Leonard_Lettres1	0.026783286363350978	0.009380839794468571	0.09740785477749606	0.09458457862570051	0.01119355037855447	0.07684127455111626	0.01821085621415842	0.02330752842046977	0.06763556042640584	0.006712197948523477	0.03746678224039872	0.0033917978687453758	0.0006257490084903317	0.02801720487739019	0.030059127047336497	0.03662850204662784	0.02989875728897866	0.0049482197483963685	0.05040545320223451	0.059833682639420904	0.04119291083199974	0.1514723726562634	0.0677802519163047	0.002998355520902966	0.023223305606265298
47	Lesuire_Aventurier1	0.05520489398097142	0.025330903657528717	0.05095958297834725	0.03703461192244002	0.02672790971934065	0.09957445535002439	0.011635238411784567	0.015068907474796318	0.07173811897017315	0.04116274682935343	0.05189312783459281	0.035343535820167485	0.0046629646396513695	0.012395347306996714	0.09361872570243092	0.02478349093208555	0.007038940659017855	0.03535656086066749	0.04846999739190455	0.00929219545394633	0.06000537820280734	0.032240235532479004	0.09370836872468004	0.0411364235884763	0.015617338055336294
48	Lesuire_Crime1	0.07764581932463285	0.038565296956186726	0.03820401242536671	0.03490655201124015	0.03034425085303097	0.04542058742867381	0.02479508490856167	0.008689720357825103	0.11804735853623707	0.04374966153247858	0.052254710985207925	0.010018461469834416	0.00444511784466367	0.027961368391745407	0.06466687995954865	0.03926869274020478	0.007333027193328929	0.0437643496611568	0.08312105126905318	0.01110575202247476	0.03579893554047992	0.021416485872422113	0.04682274288146262	0.07609448245070599	0.015559597383477102
49	Loaisel_Comtesse	0.009433419830851268	0.008384066580507847	0.11368159785596717	0.10649366113488964	0.004760906928328755	0.2446162263388899	0.016208186846000807	0.02962971629107457	0.024039530712949737	0.010134580885753527	0.03374231965083383	0.00778184380300925	0.0007986192151266781	0.01253931309182105	0.02528695089372149	0.019270246671278923	0.011626627717883361	0.002921525051754899	0.04034123277481685	0.0785918179257604	0.024677316762022183	0.12722451871847504	0.02237171427970681	0.0039504418888144125	0.02149361814976153
50	Loaisel_Lucile	0.010120482780738807	0.001390828110214266	0.11039514652240935	0.09972827061446209	0.004667947471617685	0.2477215380371715	0.01410100835735177	0.029514847958049324	0.024610171381178707	0.009294237727226764	0.036325030415294494	0.005906592726639808	0.0006576716796910418	0.014668016674915265	0.03148336948144182	0.017350341896406118	0.01211594235259646	0.0017314435466232122	0.045078328744682775	0.07443300735570504	0.022918626909798137	0.13492480463329523	0.02607891254871798	0.004831678652285066	0.01995175342148725
51	Louvet_Fin	0.05133465610491695	0.004662134734961512	0.0325765616044858	0.06432563268658247	0.009724965002711564	0.056357759508736824	0.012474411358285966	0.0031156772229225145	0.15476187044859244	0.010829091662292713	0.05421551241779432	0.008071542298902007	0.0011449067086566319	0.024555712722590557	0.06404348241962642	0.04097006900142826	0.007638417792373727	0.005754693413772425	0.03735083798498438	0.00724179684964262	0.07252544576061692	0.06356231968572999	0.07558161344045612	0.12846110101904773	0.008719788149889083
52	Louvet_Les_Anne	0.02880326443788702	0.00853865543474988	0.029960531983572403	0.05023450733724347	0.02058204015814862	0.06346436194304046	0.008846872166945165	0.009296944350602234	0.10088568155914993	0.012327280717417984	0.04950758206372513	0.028051228560960165	0.002364291006265315	0.01717269563245212	0.09971124764507826	0.03917023376814579	0.00581278977399805	0.012171906735904575	0.04849852576692738	0.015377362456243356	0.13280216252469848	0.056939974839016284	0.053569619028560146	0.10049482436813303	0.005415415741134814
53	Maistre_Voyage	0.04729230633521257	0.09669138664373521	0.07197675863870633	0.0183518622732863	0.06865413382935603	0.05888756273629072	0.026272587744433272	0.055705081682729383	0.06541560719233787	0.017809365120658085	0.03676174586641453	0.004436039281169238	0.0008430050545497567	0.03626819365018646	0.03194033107312168	0.012725625826596693	0.06687898034350467	0.007200947781052361	0.008808415786676767	0.026227191149117292	0.0747820878283225	0.06335998644532131	0.0697456182405429	0.013588861404915286	0.019376318071762762
54	Meissner_Histoire1	0.03249050105654745	0.03304861404468748	0.0693031537468081	0.045678091735664464	0.011546712201035023	0.06897884979164323	0.05387529357233425	0.03409971621486189	0.07269422828483234	0.022865572741719437	0.07595057701359506	0.023989296642612623	0.0016292889395015937	0.030883416508533622	0.04067514971705845	0.019676041996983428	0.01437416300596954	0.006423372248706948	0.03458135827948669	0.022202179463097584	0.05043352496543767	0.11107142891497662	0.08257525898445892	0.009259538965537372	0.031694670963910196
55	Merard_Bergeries	0.0352216042594163	0.007910089634208417	0.15971262443392722	0.06760481864715245	0.008319618244221096	0.054898771105237075	0.00836016357758158	0.0032689027995323624	0.08651210394191987	0.01057818790317505	0.058295411244453574	0.002518458159892158	0.0002163070322972718	0.014566188748817854	0.01777251515227788	0.00947120768726096	0.006498330251076887	0.0030329301938503174	0.016094281370442297	0.2818818021642174	0.024039924687573877	0.047380087208238233	0.05251032312446389	0.004300579436843784	0.019034768991922107
56	Mercier_An	0.033059123569938786	0.08431629963288886	0.043501339781855566	0.034993593234605457	0.03601287968643125	0.08257068530218359	0.13777628387435747	0.0549845956938145	0.03707463930736569	0.020720694602003212	0.02170389673199432	0.02448477304629077	0.002130698730989734	0.05788563013049319	0.02058717700220507	0.009243083682198698	0.05881087001436589	0.010962504328756785	0.011792423267297085	0.01803855921731821	0.023291582498592738	0.032810458515348216	0.044314242059179616	0.0056929754703404795	0.09324099061918474
57	Mirabeau_Conversion	0.07163048619635784	0.022600962815694188	0.07245437007525267	0.04075526727359924	0.07109359393859792	0.06263934958731618	0.022106111410990302	0.011373053472883622	0.07263738014238716	0.02775495091685768	0.04572910530011869	0.009441663370166702	0.07077754839852832	0.023451228727293747	0.023731385560874813	0.020134849784664975	0.011613550676189213	0.05664321462679538	0.027909305712534575	0.016814483820769704	0.06968175051573941	0.03578742382190951	0.03141315996059962	0.06328079906106274	0.018545004832815737
58	Mirabeau_Rideau	0.04015625348677612	0.013966168439550635	0.15671905200815972	0.01471146571008957	0.04477300761169936	0.03830620399524609	0.004560971830080717	0.013956104506365865	0.03702247083763056	0.012781179753626148	0.0976399203520645	0.003447937107352253	0.09795906681175802	0.042569490400677874	0.02524008963625528	0.01674868973362665	0.06439290711744852	0.002370060540235894	0.033600559681113785	0.004362297779442705	0.10745360860556813	0.04697139063968339	0.06573628733474439	0.005068694376277287	0.009486121704526469
59	Morelly_Naufrage1	0.020005849233617735	0.016548182344501877	0.15946166766557654	0.0337036334226657	0.014658922094712217	0.0759434044103428	0.07674272103201936	0.14571676491079705	0.023528119730975374	0.015496301297673164	0.057480021861409644	0.030781335075354428	0.0010695627109195964	0.057825114748904796	0.035970264072643914	0.00700503697871848	0.023522079770531723	0.0020084771627050186	0.018401153057160804	0.03015280616865393	0.00962162384041524	0.038214723337644876	0.04712876413272043	0.0037241262417498904	0.055289344697585334
60	Morelly_Naufrage2	0.019094006020432968	0.01519646341858381	0.07094079845465893	0.030840796243248748	0.006193535969467278	0.07609956857305798	0.08182571647844503	0.20182576169393282	0.027850091418862438	0.025114221841114146	0.06923469595832724	0.017032023106025772	0.0005885811550661917	0.05800200107851887	0.02530703170983686	0.007339360664974137	0.047687904628806045	0.0010554511923808962	0.010726402012525322	0.008220424129325226	0.009459009722004655	0.042853035662890435	0.0394240668890276	0.005031482158910873	0.10305756981957569
61	Nerciat_Aphrodites	0.03683355182225773	0.023655692615248625	0.04400996242155879	0.015553443476933581	0.060885619385068875	0.04011630385868142	0.015921401374690666	0.02014058554772652	0.0904004831691543	0.020492724155545827	0.04684980551521594	0.012374725828070048	0.01957696402268665	0.03024981124494235	0.031313848278712364	0.020005930932484713	0.020011528608068162	0.018462194644285213	0.016459851344040127	0.0066341978912635696	0.05009196945363316	0.034109680960911055	0.040406152365485996	0.2713146434498526	0.014128927633481513
62	Nerciat_Etourdi	0.12072777111730075	0.03339761548215803	0.13933965549022065	0.039603809106654224	0.03501514842592292	0.042936562128274805	0.012319021340349586	0.006190369415350266	0.04920243924599434	0.015610571232382285	0.1037746268441306	0.004381515127745267	0.0006339600277096337	0.026086451043944206	0.0772838829764103	0.03275976715562348	0.012976060084021173	0.008704327832085896	0.04279990328022385	0.004730712324861459	0.05259772504848959	0.044082729098343675	0.048495564395582454	0.03752317311545682	0.00882663866076364
63	Nerciat_Felicia	0.08579190957062026	0.022868116499118196	0.07334229668673042	0.02975051269147488	0.022751195121384255	0.03835516332962295	0.011576918228322831	0.007629777666923385	0.07830992517994954	0.032799305965613465	0.09452424310599404	0.005144136545397183	0.004961642846116801	0.035001935928232406	0.07157892652777315	0.02957421538257339	0.011788223281926578	0.016094789933103246	0.02353337997213822	0.00509185424324228	0.060743344816126345	0.047077259228084076	0.04989504870022399	0.12982043854866093	0.011995440000647074
64	Popeliniere_Daira1	0.012953778996647358	0.004282727447540469	0.038631501153472886	0.06292749142562289	0.0036506985718137235	0.20103914181398924	0.007612167650256774	0.04196827779555626	0.04265507683828059	0.012672279033582708	0.04762248369736381	0.012574028623153025	0.0006799461716304871	0.022896292962698024	0.195518978243301	0.00783449709336335	0.006079206306698994	0.001516461082221838	0.027347734498051335	0.005838040606935556	0.021701834885612337	0.09176088373756468	0.10942172784634394	0.001849768631223123	0.01896497488707553
65	Popeliniere_Daira2	0.007236556261773014	0.005759916943763501	0.025795090861008178	0.049623532401986165	0.0029641797215378103	0.20440501171332517	0.012578233612245382	0.04342587777255555	0.042669105283445564	0.013362692120907167	0.038952313987828155	0.019837102712293782	0.000228509780588757	0.015623908687581402	0.2282292123231227	0.008174895256237396	0.004392012593755274	0.0012225553447937623	0.06178242969112771	0.015839746626186257	0.011585638125697496	0.08028413187169597	0.08508905080684868	0.0013668062933143979	0.01957148920638072
66	Puget_Periphas1	0.011838627241824261	0.0044616436201183295	0.062484338810907265	0.026335950571323364	0.008803192051367374	0.09243833062805999	0.12445955831280724	0.06848170636021778	0.020038284488781803	0.0216098490184752	0.08520984934711354	0.1768941030243086	0.00020397214277192584	0.05105399260744068	0.023845621059337962	0.0062606388933096465	0.009642727140755668	0.001896510319227818	0.01192283227828694	0.02389452577185049	0.009993669983844246	0.044071615276951276	0.033212726539734116	0.001114861191255846	0.07983087331992858
67	Puget_Periphas2	0.01064305880599539	0.005460017782584034	0.06735631109343201	0.033730007717319314	0.010773933348303304	0.10042164144880894	0.028891976382693377	0.08020745642390426	0.015096592812209748	0.02005075515960754	0.09183034852913807	0.24685963560631088	0.013735237171097588	0.0224581628845809	0.01724990057016268	0.006523074768293303	0.013183527321707774	0.002940416222953646	0.011864637367095714	0.036093615210560044	0.012175938123949404	0.04180277016827557	0.032782979127298696	0.002856207963325602	0.07501179799039215
68	Retif_AntiJustine	0.016172658981556773	0.007378835897678245	0.02283647163275865	0.007796734559806081	0.034087406158202466	0.023694997850918824	0.004727421931148614	0.002594646363242641	0.07568000389904948	0.009834374195302897	0.02914527406102091	0.0016045409155766577	0.4680345707910652	0.013140390839384281	0.02650268760461921	0.01256370401098651	0.004860911636705507	0.016571782096165822	0.07814285005703105	0.003131406111369584	0.07818451596441217	0.015977966730927582	0.03137249757084146	0.011617087234138923	0.004346262906090679
69	Retif_Paysanne	0.05643609496280263	0.0249513262790695	0.03398644124346834	0.03781086081190939	0.02164072022461878	0.05374373250447655	0.01237069754813646	0.0032874620830904313	0.13891185926349747	0.03629250419823691	0.0680710632500569	0.004345818126500409	0.0025832267737738064	0.031152587366557804	0.03709861497366583	0.09550367924348174	0.018048514234152813	0.014665085034214874	0.14270158009595485	0.0050170005271689255	0.05043330826559571	0.030489142817030385	0.033915304726474346	0.019381911517609218	0.027161463928455823
70	Reveroni_Pauliska	0.024144412658404297	0.02450464200690445	0.043332572993917386	0.022063191260783446	0.04860938655135258	0.17791682269816253	0.016160259381227997	0.0296869496490052	0.02161378242208579	0.02726482242405944	0.06352554094802251	0.012446835003059945	0.0015170442751296	0.01831113753332292	0.08651761305817855	0.014939948596931468	0.05452871515458897	0.011649421590371146	0.025868022771724435	0.025061848903445337	0.07157507581724179	0.062173215895693475	0.08934870255449559	0.011522291826448896	0.015717744025442258
71	Riccoboni_MylordRivers	0.1779106543108392	0.01030954991844985	0.1002822977535544	0.07956384545321143	0.005235867032330265	0.01613419433234387	0.022620090795159503	0.0085060531997652	0.05379437024149022	0.009219442142560218	0.16389514422918017	0.004417520665887402	0.0004050820316250342	0.04076796436093816	0.01773024647369383	0.06777341434701908	0.023763383084933115	0.001986808279389828	0.019502093556920758	0.005430078403060442	0.014558279148143331	0.08746404503722012	0.04927077985532656	0.006841030151334737	0.012617765195623203
72	Rosny_Firmin	0.0562397793416803	0.05704224477076344	0.053848985902939545	0.049279633140605975	0.01434051812634036	0.05055041826107955	0.06611242620175743	0.012721619987635746	0.025328503791847746	0.038001477601944486	0.16771551642562435	0.0030483858849660473	0.0009640861534956198	0.04535947724105565	0.0857077832204494	0.015194339476974706	0.024694019972960158	0.005032375480326025	0.02656697494969364	0.006593791391242947	0.02131424767428164	0.09784734543002005	0.051087734653658685	0.014445259386318913	0.010963055532337583
73	Rousseau_Emile1	0.018734601601866685	0.027323877330698205	0.028804345947530792	0.015426568735965412	0.04775736491771662	0.029989367254092614	0.026354972017455538	0.022442045155779064	0.06256173833183182	0.012778231318192898	0.04457711959099289	0.004282645052057269	0.0012697936860102822	0.3966592312365475	0.01621625921668173	0.007265749887454755	0.08152398389407471	0.0075552279210790415	0.014938986910698816	0.007451781848903637	0.028447899347221705	0.03737587013253987	0.04118783370234066	0.00338408304186139	0.01569042192040617
