0	0	0.010521101961424102	0.12338014491994861	0.00254026239022661	0.03199751490999316	0.006459762147396641	0.029417097811447114	0.0499601560239361	0.044263586557836895	0.1427331489837309	0.03954245286367678	0.014153358743954578	0.014129049061301474	0.0029556553392787975	0.05396857525052633	0.17092385200798377	0.03705083050023574	0.0010590417533665505	5.150345850481947E-4	0.0017902241244548299	0.008694732170758439	0.015471145200215834	0.07386757827013743	0.10096894485354765	0.0033633552155414633	0.02027339435403193
1	1	0.06384024025995273	0.17953556505972557	0.008188810676555986	0.004878108105575987	0.1518245239767681	0.06087228103950736	0.05680042257848299	6.983152848002804E-4	0.11560430599524739	0.02378207626301547	0.0033396325167010348	5.223576656946426E-4	2.375802325253316E-4	0.016231910348457085	0.05514813929219962	0.024020190706344195	0.00108565673091249	0.03682858309898631	0.010212277295164213	5.361784092840295E-4	0.010275244986605522	0.05059277014236437	0.08954464321665924	0.00624023456537078	0.02915995155309921
2	2	0.17418381422341303	0.024583182917125135	0.06064883480267377	0.009909405188549419	0.06445431146782764	0.09203310548141976	0.02734949087259549	0.024463299461015404	0.040728526366057526	0.019879509380831818	0.03489888251328937	4.947285201074708E-4	0.021382276331409353	0.07884514078116643	0.015205970830594683	0.004237082349304612	0.030119468812334394	0.005789367209248153	0.0017381442921499866	0.050756316600608226	0.09965012033457195	0.005602233915798491	0.0900976600357933	0.02177811571439835	0.0011710115977161756
3	3	0.05082581545647155	0.2406101277615375	0.021374668463606236	0.023569018145693135	0.006390137777345098	0.021016413203517104	0.014392647218530142	0.10037186270951526	0.1196384216110404	0.017559931644804856	0.019389893087984993	5.04059983302686E-4	2.2925802741023143E-4	0.00757969994275329	0.004714619483598609	0.03126240905281352	0.07110568741855558	0.013982187340966594	0.0017709287968449	0.003211937376185216	0.015304394673809053	0.02995876903870562	0.08371344043804312	6.325636479081833E-4	0.1008911076990571
4	4	0.09202073712662391	0.3116464414668639	0.11181815334520591	0.007691940966671188	0.015041166622009442	0.021840307594929973	0.04015843372819073	7.002706886248103E-4	0.04872385857671305	0.026648843511254183	0.022950197257271012	0.006124166983610403	2.3824549835213592E-4	0.01907753582359343	0.05250239032714482	0.007286411525570933	0.05989233633008227	5.294564460512297E-4	0.00184035350262999	5.376798017566922E-4	0.004703670827480682	0.07873617179674806	0.06739399723323122	6.57361677746881E-4	0.0012398713416431025
5	5	0.11607243412468934	0.13879382314150507	0.10219167195647137	0.009702403382363525	0.0048442677833922245	0.013420517738854288	0.008270005091824755	0.0397359822798693	0.004945949800633496	0.008889687603670602	0.004224316654997986	0.004192794454977233	3.0051633769168274E-4	0.10176924055930348	0.048564766161950386	0.0021267560237572545	0.050822117736004334	0.02892433641391045	0.0023213714361603045	0.1384286256008414	0.016529266847676326	0.01807822585114123	0.08500893981635424	0.029085672565345184	0.02275631063661447
6	6	0.020102525425182354	0.005868805488894236	0.02283842774360034	0.009580038192027903	9.498671110141884E-4	0.18357406673518736	0.034110718967331435	6.393963850362325E-4	0.026591023278530673	0.07035386100668119	0.04907945077818381	0.008148550292268042	2.1753489453722977E-4	0.03020290760912484	0.12719778442118077	0.057788109258778274	0.011221077326499254	4.834309691072413E-4	0.014464147950515881	4.909394711713009E-4	0.06310015083916387	0.15626458209770577	0.10500029658924345	6.002174405416302E-4	0.0011320897284926512
7	7	0.12386315850187418	0.00930589804927107	0.03934415859701259	0.021876582196407826	0.006696904160054056	0.013553645323836688	0.006611897348175138	7.062031623712103E-4	0.08584727337689721	0.024050708655902066	0.13045265326458885	0.0061760490064324425	2.4026383952667176E-4	0.05312590076778699	0.11224897969132566	0.09206500482306716	0.006745710862439737	0.020301210359178534	0.007503735407456877	5.422348564801094E-4	0.08381259294856082	0.07657930445779113	0.04254987851948907	6.62930639804655E-4	0.03513712118426919
8	8	0.19042598432365546	0.0521057542160064	0.14505717110404273	0.044847681724228095	0.003906099910531885	0.005125379421213048	0.01521245904256154	7.12237011049877E-4	0.05525250473808426	0.05273643019460663	0.07745481158162273	5.327714724442098E-4	0.003090339732392117	0.06781992744950334	0.08757583518188672	0.033043130291933856	0.0124993928067524	0.00338652693306093	0.007567847841931574	5.468677486089325E-4	0.04465637067340386	0.08008162639529134	0.005889127819445897	0.006364640889051935	0.0041090814966901965
9	9	0.12386315850187418	0.02342537556648213	0.01675299456947489	0.04729164172738774	0.0038730086566118437	0.007905854316952263	0.023555270368828415	7.062031623712103E-4	0.16774024297672135	0.021226813152459858	0.1643393993058954	5.282579995480173E-4	0.0030641593429688845	0.0022957817058271626	0.004940950560521586	0.007348139719800801	0.0010979198555553123	5.339418350830473E-4	0.06398164547630113	0.017485607877133387	0.02451078737627435	0.0709315134509067	0.15832959416061979	0.04019746768799563	0.004074270646404853
10	10	0.09336260708428763	0.0033724072705722963	0.05449479861777625	0.009754619406264743	0.019190613096334012	0.05675201599865761	0.006095505252004796	0.01887448452690703	0.17286309223464127	0.056015861977831684	0.12286759158607069	0.03433052508200063	0.04968511151506611	0.020339916285732517	0.00976175618547053	0.004170898749627051	0.00621886787184556	0.04995585312977163	0.07981143493661545	4.998860752741113E-4	0.07726679251048775	0.0029113785079694014	0.013193234055326067	0.016231243587036686	0.02197950445642845
11	11	0.13036852491839077	8.584533649154272E-4	0.02014578601842448	0.0021706094139501714	0.00689151329408484	0.005229638335307078	0.0038980795375133668	7.267251203676576E-4	0.12030748147442233	0.06833896208495127	0.17783290111443337	5.4360894819233E-4	0.01187107253687469	0.06048162979897318	0.0079904891271278	0.007561673477105773	0.001129824930977968	0.06157454830831281	0.07455879442995601	0.00346394865009387	0.03975284365803508	0.11658210276020364	0.046692316241734644	6.821951170394339E-4	0.03034627733861193
12	12	0.09712696641361693	0.0257307614249197	0.09480283845517752	0.0018668158054138413	0.02092246575964625	0.02699091965827802	8.532675721236714E-4	0.020618978516824257	0.030991396867056754	0.046278167120521546	0.010486813506694325	4.675266632162187E-4	0.03270283367579784	0.18697601541781506	0.026866122460579074	0.0015048676228925247	0.0534558532244013	0.04046048547248751	0.03663201257190654	0.030470842979849668	0.11666422748618213	0.04528213245625458	0.04765510132169121	5.867166237649956E-4	0.0036058709228885106
13	13	0.0020432894192399173	0.01728275991775935	0.16330062587443783	0.011245483002009313	0.05062890801809493	0.12508180845070918	0.017391729791605602	0.0029614303215384353	0.024638213052525296	0.022545338012099504	0.03126117737242366	0.009919121715083154	0.14944795315776746	0.058781720186693684	0.006513996562926701	0.003795427627596333	0.0672527850212794	0.02650682257206528	0.037091823472877525	0.01466882777508491	0.03714524429359378	0.005018281833433904	0.075968297739447	5.561382509805869E-4	0.03895279655872719
14	14	0.06839750188728588	7.812626414965259E-4	0.08445075507830238	0.017843378613758953	0.14114938791151982	0.015338029037727581	0.01941551744738595	0.011240010418999509	0.043373184174460705	0.1097978748665399	0.05076682936370844	4.947285201074708E-4	0.00815898728939346	0.09206842982318232	0.012561313022191503	0.006881740157707791	0.09888057183081704	0.008434025017651331	0.07578856292743899	5.078182409478254E-4	0.05204627978331475	0.016180865149411208	0.03720450386772973	0.005910168863979275	0.022328274064941606
15	15	0.18494433263895035	0.012061671751467353	0.02227498113820842	0.002097467613587091	0.017891439065170416	0.016285563368941745	0.017806909657718722	7.022370741391862E-4	0.04324460433778878	0.012683492924856333	0.1156798401862958	5.2529126426968E-4	2.3891450036012357E-4	0.11460434048000279	0.16777930729727508	0.007306872033640749	0.020748007966844888	0.020187197287881837	0.1001267918266233	0.01177133483125	0.001908842604640607	0.10422959253683249	0.0029984070946738176	6.5920757320106E-4	0.0012433529453793443
16	16	0.17108669066263504	0.008692248045041167	0.13170627759410464	0.0019702212024525338	0.05900893740395034	0.004746844025996243	0.019364305485678947	0.003297316719381282	0.011606595001522809	0.04092852989189219	0.09811119936547197	0.003131105625569053	0.016050512601123564	0.08391253645321886	0.1180354619521983	0.0015882242312866659	0.0010255207683916197	0.016324824867304737	0.09669011313197456	5.0647877789308E-4	0.0308075419098198	0.06625414396988258	0.008091867754054436	6.192156337121346E-4	0.006443286925443377
17	17	0.050553379173323115	0.006151926966749585	0.15258487418314523	0.047563561224128185	0.08407871325429216	0.0021430785427218406	0.0277159873848705	6.702419889345708E-4	0.022513625889759373	0.038906587086335036	0.12380976246590426	5.013581234879142E-4	0.09135134458369905	0.06918131405967122	0.044890810890768754	0.0016137638061557748	0.025162889354596124	5.067525275868483E-4	0.001761436273118524	0.0031947207654409605	0.10098548053270276	0.04855886678125057	0.0377030623590729	0.005989368008332458	0.011907093773952248
18	18	0.10614671423622116	8.068693617928468E-4	0.0025472007087308283	0.02115955377140873	0.058372852690622375	0.004915392167438631	0.0063951853271083286	6.830565969389026E-4	0.12946630513248403	0.0014117064890839172	0.057893445203467335	5.10943777517883E-4	0.022083103351972163	0.12786214289943842	0.15773400653186248	0.015301314472499673	0.0010619343557301463	0.052411888060242266	0.11651136452457501	0.01964383764308763	0.02643875935578003	0.041293264063933445	0.013841867631887782	0.014297898888458253	0.0012093927577176671
19	19	0.05908039879520265	0.006500358880040965	0.06494260927029268	0.013442856909260668	0.006715869072529679	0.07589366217090956	0.0037987290586404157	0.029027127772387622	0.037948211602487535	0.03261449509226679	0.17046857575733917	5.297539694001371E-4	2.4094424088508745E-4	0.016461745472055575	0.0021230503293580296	0.03002408863623331	0.0011010290465289646	0.0033673463728059595	0.0669947270883224	0.0033756628791478845	0.22564456479256537	0.014494534432671353	0.08798065474990262	6.648079880928829E-4	0.04656419562067266
20	20	0.10068403563190642	0.00626954796610758	0.10906943349286813	0.02935357167788083	0.011940084553947149	0.048616821001956495	0.0063951853271083286	6.830565969389026E-4	0.02021273304618938	0.0014117064890839172	0.04969942729699523	5.10943777517883E-4	0.02481444265412953	0.04592196383471743	0.06759980956066938	0.007107296566027574	0.0010619343557301463	0.0414865308516128	0.08919797150300135	5.24462527986064E-4	0.16573706376580571	0.15327817545238545	0.01657320693404515	6.412023776714216E-4	0.0012093927577176671
21	21	0.005186319239403435	0.011960911728477694	0.052719267600612955	0.03827946911354167	0.0344494509463588	0.06627193479586642	9.506831913445338E-4	6.963707709274572E-4	0.017822141961549468	0.04877706156279055	0.06737564330796571	5.209031196613142E-4	0.005806076085656454	0.01618671131652694	0.16637772323755254	0.007245832352801933	0.0010826336342964864	5.265078197593198E-4	0.08815204420108759	0.0033192640852962945	0.16618304034986547	0.11171262214576407	0.01689625272799117	0.07026816840193327	0.0012329663029683998
22	22	0.02153401256419254	0.014503178975321196	0.08745759544331569	0.004784586287034872	0.15165260368068037	0.01040649443901232	0.009151520536982856	0.0034237473146975584	0.06682803121099701	0.0014155728989779647	0.07448492461844011	5.123431605284258E-4	0.08787526376535873	0.01592071638937921	0.2321141501911152	0.03725378160761748	0.0010648428027278563	0.030644875195013185	0.023710589917343133	5.25898936420071E-4	0.012817070613698921	0.09070511795634702	0.01935741791253531	6.429585155345579E-4	0.0012127050667283476
23	23	0.163341353529166	8.485895075116139E-4	0.014169172643525973	0.0021456685346739994	0.07575392322158846	0.002296981931759338	0.003853289567227045	7.183748555168909E-4	0.024130423060224088	0.0014847004621179696	0.052269195647552884	5.373627368457948E-4	0.020352370163150838	0.010953049825053482	0.25493939258624154	0.016092487244338368	0.0011168429421292926	0.08959270506361382	0.007633065279783242	5.515804904812481E-4	0.20015979515937213	0.006085017594679703	0.03466554323922826	0.00929205591970767	0.00701705879451031
24	24	0.15512162105409283	0.03691931535201684	0.0470191815747917	0.018735248390844936	0.0010316337969275742	0.002220441540771985	9.480432901853752E-4	6.944370562871723E-4	0.01221895989202471	0.03753422971795886	0.07274224421760624	5.194566517297014E-4	0.022451031662901334	0.1383230031350416	0.1020482515882341	0.007225711789609711	0.0010796273270301496	0.04773143390415196	0.05458510320106794	0.022747971517139715	0.15461419014022626	0.00588225168719824	0.011295641710614148	0.025643502738332852	0.020667467063214026
25	25	0.05593172108359335	0.0036478060193711128	0.07020874697000601	0.010551204683178252	0.026389651067163573	0.021963309742540658	9.613914722352207E-4	7.042145341148646E-4	0.026470717265152793	0.004271378206096883	0.2173795567185397	5.267704548292787E-4	0.11006138661899696	0.06142413194810254	0.02745458570693261	0.004511504199934632	0.001094828175194339	0.020244043296342506	0.00466666173891406	5.407079537209214E-4	0.20184621148413687	0.07073177431147802	0.05087789118168313	0.006292951010626789	0.001246854157114916
26	26	0.03972651818088188	0.06761296042654123	0.021203269242893674	0.026052956660020138	0.01435769789961084	0.002137350235671936	9.125664929689713E-4	6.684504764753589E-4	0.07323919045456281	0.004054453094554012	0.15020816506108492	5.000180264191174E-4	0.11249063880223986	0.031575323937930444	0.09822949651094598	0.00962825169016564	0.0010392265139587892	0.11811448473958995	0.028486065963303935	5.132476990879774E-4	0.09536968545101755	0.06446667488109271	0.02691054941264732	0.011319226402750097	0.0011835317435848344
27	27	0.010351916486252478	7.917319418068342E-4	0.010539706022162311	0.007362098537057554	0.009035982905093649	0.03698434620484972	9.150122601567422E-4	6.702419889345708E-4	0.07075538111424413	0.0871483423108198	0.054127227141648485	5.013581234879142E-4	0.04310958935921429	0.08526189913449948	0.11725344372749591	0.009654056343569901	0.0010420117423537445	0.07554948287678537	0.001761436273118524	0.005874818277912336	0.1840685034193154	0.002997209069237187	0.09666520763344316	0.07299180582011684	0.014587191286423624
28	28	0.047752828907763736	0.003668466408181236	0.008304759833098104	0.00777907196554121	0.06618561098158399	0.03624716756487335	0.03211765377723771	7.082030537903329E-4	0.052107673961786186	0.0071274628455292345	0.04020152205179163	5.297539694001371E-4	2.4094424088508745E-4	0.002302283112756928	0.4863766630173717	0.004537056389495748	0.0011010290465289646	0.04018194850698244	0.007524985179268082	5.437704072881554E-4	0.05856290895284133	0.05414102903870756	0.037006590256427496	6.648079880928829E-4	0.004085808542776726
29	29	0.03892644497276068	8.295265463758387E-4	0.01946694483693554	0.010521576517405727	0.10494056440462965	0.0752543256956722	0.0206149459589916	7.022370741391862E-4	0.12748569337597512	0.0014513477197648185	0.05390304155829246	5.2529126426968E-4	0.0816719672372736	0.019131106236724912	0.23236414222655125	0.0016907994310949917	0.0010917538579347371	0.0061470157815174415	0.0018455212820725497	0.0033472259274313645	0.03841331452118803	0.022796539799919018	0.056351096818858505	0.06524404250247727	0.015283534451743738
30	30	0.08362021718774323	8.27203728278285E-4	0.016612260704558054	0.01609246090555188	0.03744255312569129	0.00503926771716859	0.04015843372819073	0.03990269707006804	0.06552489845447443	0.040649710076055334	0.07335331689055516	0.006124166983610403	0.0702425783223579	0.002276495945832044	0.21771261579179843	0.015686931464451624	0.0038888700708776575	0.025731016262693307	0.00744070012855045	0.014538546366557846	0.08310852359036715	0.047934265354185525	0.07579451717211191	0.006257708303667343	0.004040044654603333
31	31	0.05485052911893794	0.12508372230605297	0.021905905668236417	0.0048242243325522256	0.025879524110025344	0.05743837365812636	9.428072285443204E-4	6.906016668379825E-4	0.025959023252322858	0.06494202526254853	0.0419638797668358	5.165876824785391E-4	0.17697158202215296	0.04366770986127731	0.09320010774912767	0.007185804042017832	0.020404233004979216	0.05299083182673173	0.0018149427316217974	0.017099314459422133	0.07643797901970867	0.06936448890438149	0.011233255660436545	0.0034097949071980925	0.0012227517574452357
32	32	0.03392722447890897	0.07727198113690421	0.018285949788331143	0.015158631412426198	0.0642843014879398	0.02321061831995937	0.014088941401689483	6.596346773865495E-4	0.09073705626136477	0.014551709471944868	0.11129960957544563	4.934235835743207E-4	0.10573170202894447	0.010057439277366352	0.07583254928028257	0.01741431648325506	0.014213930978365283	0.042701645287252066	0.007008923704153651	5.0647877789308E-4	0.09147422887569864	0.07152950805387205	0.058207826551954354	0.003256897675706867	0.03809547142938017
33	33	0.0021996154545821855	0.12826511049734063	0.05338300234985956	0.019756546165008968	0.14121036037752818	0.040292759275595	0.10798053869411557	0.06184340169441229	0.09027908067512025	0.0038683365595830847	0.08975804393357631	0.00812776957549859	2.1698012947243776E-4	0.01227423929208274	0.014663067680485904	0.0015355697495041975	0.10810138448475762	4.821981066119172E-4	0.006776556486587596	4.896874602324917E-4	0.017035003696484242	0.030904564047115286	0.015474302125271644	0.043952678855336894	0.0011292026338363494
34	34	0.02942670353749157	7.328117345967561E-4	0.007274701248119232	0.009294861957219652	0.0034022379927173755	0.08136427334400646	0.15712763410656766	6.203629897637193E-4	0.03324140707938131	0.011204719718274678	0.10219268414634557	0.045115680643953306	2.1105936897876585E-4	0.03426512742659848	0.016743601244684277	0.03622271660103347	9.644658653556478E-4	0.05256261248072787	0.004110997555890369	0.057531190058825905	0.07610567873733669	0.027580621538609677	0.020013345740207824	0.18663082233780195	0.0060596825455117315
35	35	0.0998817515964037	0.05558162293745402	0.03801430244984702	0.0017821874492394427	0.05337724896238387	0.004293815250844425	0.07239300344539822	0.036385889060981044	0.012884833306456142	0.006005083327785408	0.050572517811556215	0.005218226748175068	2.0300214469339882E-4	0.023413261909958117	0.006560622719191018	0.008594489167754673	0.05341848640069013	0.086345235087104	0.0015681123488667469	0.04579113897727886	0.10660359388730067	0.06231693554039553	0.016863385914298486	0.10076990287048919	0.05116135068545456
36	36	0.0480791990181844	0.04670646902116513	0.06761360422208225	0.0018080712244716954	0.07835847645377154	0.0793947699264782	0.1823714002493425	0.029652543785113797	0.06632516250496306	0.0012510991978186363	0.02468041523753916	4.528146290507334E-4	2.0595046636806417E-4	0.01649150740391017	0.05990910162134888	0.003878112528950209	0.03967071640743482	4.5768672541573324E-4	0.006432086533340964	0.05613859020168391	0.05489866664870459	0.05596020237617608	0.002584704312959541	0.044139049894834616	0.03253959940889125
37	37	0.034314945171718715	0.12997625101815682	0.0691090945955389	0.004033405777174581	0.07935780624496701	0.018007973612940025	0.03772945530164795	0.02135681826999409	0.05171837394311777	0.0035021527687740016	0.09973198347842788	0.03044662960893341	1.964403948561131E-4	0.006494687520716512	0.017892684866412066	0.001390209917632225	0.003206487331560021	0.06046600110311036	0.06616452404405722	4.4333275253380795E-4	0.09392248755451768	0.0418320313857381	0.05556832560949434	0.07211558747402894	0.0010223102539513994
38	38	0.03771056149996837	0.05149541479615818	0.020127290923001792	0.01204440952959194	0.2115379925051714	0.0603866377022263	8.662575134127424E-4	6.345293762728541E-4	0.05683613689313726	0.0038487063496165175	0.02587022289627558	0.023310285153384052	0.0712600954151953	0.03758488701630864	0.05518535373827098	0.02943800522713241	9.864900615906603E-4	0.02331539212657399	0.004204874820130509	0.023322843474818916	0.0702317203678456	0.005374801733815236	0.07629081903773852	0.09701279944540044	0.0011234723969617696
39	39	0.0036374499427147813	0.15728446903650314	0.016584727410273864	0.0031500901429585035	0.0015667660272760072	0.00758949632550839	0.11108859014277435	0.04744452388748969	0.06072982179164915	0.027483275839338253	0.16951697110025135	0.00922343194043008	0.029879638723660076	0.016080346862371517	0.0031616512778279097	0.0025393339029933138	0.0016396549077272963	7.973991415721613E-4	0.05759609100752503	0.021896086975355406	0.007084063491991557	0.04688885640060948	0.04667577546199728	0.07268346330785104	0.07777802495135043
40	40	0.034380650602338386	0.06761296042654123	0.20563570070264425	0.05545522834200936	0.003665962742523848	0.004810284024943684	0.003585500282240719	6.684504764753589E-4	0.011761713301312622	0.009400320673097507	0.10209535685419345	5.000180264191174E-4	2.2741965282645164E-4	0.06632346319846316	0.14099643713929394	0.0577410598970571	0.0010392265139587892	0.0031783318009048103	0.03383193354184743	0.013877916645446717	0.03656514208703911	0.03239146940983174	0.0429481521482778	0.0621049683989133	0.009202333111400077
41	41	0.08475901105517622	0.006303984607947343	0.27170267671900067	0.07620261018279455	0.001020300921330597	0.021420440964936976	0.020162020475767893	6.868084105484692E-4	0.009338388452357385	0.004165802229952652	0.2449626700869078	0.006006433598137398	2.3366537354989483E-4	0.0022327316958637377	0.02952233033272434	0.08129756016678254	0.003814108909019339	0.011504644704358516	0.04025375740348002	5.273432345907933E-4	0.00461324561664761	0.055251783309253975	0.016664238312130025	6.447242993069274E-4	0.006708718937434283
42	42	0.07631041153868956	8.090792316969399E-4	0.29013027164895466	0.029433965825558534	0.0010175065008135543	0.08161581310585846	9.35060690808303E-4	0.014379027109596964	0.04491747162119819	0.03702023223240103	0.058052004926091	5.123431605284258E-4	2.3302540616349014E-4	0.018659536338104063	0.16912129137044365	0.007126762171644114	0.00928130264890241	5.178557590398211E-4	0.004538850276269172	5.25898936420071E-4	0.021033530459873474	0.005801699545876645	0.08508909668193174	0.028031158002783073	0.014906804810352604
43	43	0.10621748442841589	7.495459602711169E-4	0.22564805970834437	0.009507116087797588	0.12780730892595776	0.019789942633516647	8.662575134127424E-4	0.03108205067780509	0.011164854940838903	0.026684347325765693	0.08169067861575136	4.746441772348738E-4	0.015439639695719536	0.017286539481953814	0.0019021914605895712	0.024363418343543705	0.00859837038697372	4.7975115042481306E-4	0.019428635470896627	4.872024986697381E-4	0.09814194822758347	0.0028375082920208835	0.08390269936312159	0.08432633223642866	0.0011234723969617696
44	44	0.0049917214613097284	0.00883202447922096	0.14454458164573109	0.04220336619918544	0.014396177930036402	0.1254275641164051	9.150122601567422E-4	0.0060304370138773225	0.03591411345211625	0.014785709474092662	0.22833356545228792	5.013581234879142E-4	2.280291596722789E-4	0.034340046397543345	0.010049543228640876	0.036455031468283654	0.0010420117423537445	5.067525275868483E-4	0.09020465418467392	0.005874818277912336	0.04470343277080387	0.0887603294683212	0.032342867334130145	0.008669465520803834	0.019947386311366375
45	45	0.013173236229321466	8.003115942587335E-4	0.14611094799883717	0.04536984615898442	0.0091339018960972	0.19722442217372652	9.249278474494007E-4	6.775051079526126E-4	0.009211893417940794	0.0041093735111068916	0.19287994855904345	5.067911219894602E-4	2.30500211849891E-4	0.0022024877759248534	0.004740164617296207	0.026013516461433843	0.0037624441233685304	0.019476227874400506	0.07221817864109918	5.201999998721647E-4	0.1129163781999117	0.10326788908125746	0.027275071716628248	0.0033451316115046133	0.003908704068744639
46	46	0.040047652350326465	7.959986498094037E-4	0.14262900340773843	0.0047072327099392415	0.04411370864885288	0.026405494756589643	9.19943335848788E-4	0.0033683947542095033	0.0091622497730533	0.0040872277621235	0.15950601346787108	5.04059983302686E-4	2.2925802741023143E-4	0.004885159166217019	0.28494686024337074	0.08245868380700266	0.027993034993975256	0.0032040242348215105	0.047578121997961506	0.01129555970579403	0.012609853897272783	0.008402442826415456	0.04060078801346279	0.03296705296634343	0.0065821805202876185
47	47	0.03748684619567786	0.009604232900386618	0.372850030768216	0.0021769354941992215	0.003997172219851184	0.01107373148645466	0.03596812486954725	7.288431068653205E-4	0.018653202949558703	0.030650594498592972	0.12880594198187628	5.451932561789558E-4	2.4796638219521674E-4	0.019855936721138456	0.11293310845664876	0.019241414929666925	0.004047543600918341	0.003465485186927987	0.033974128205023685	5.596181927600858E-4	0.013638867464046935	0.02366024453197515	0.01768413874730763	0.09103138557075222	0.00711931228323353
48	48	0.22237576257155472	0.006086675432011367	0.13240476091438158	0.025845705084734518	0.048715199650552314	0.018030371007604427	0.014163659864235111	0.021876497502552862	0.03818485443108826	0.011977211581754868	0.21530502159124523	0.005799381516525416	2.25610526825351E-4	0.03927915357532921	0.001987939207526604	0.06788841136820592	0.0010309594548719003	5.013775645327951E-4	0.004394423847895936	5.091648076320938E-4	0.0018025485477461698	0.01887544204300047	0.05056151080409834	6.224995454565357E-4	0.051555857558637945
49	49	0.14088451832035911	8.024856406533798E-4	0.10847685927464526	0.08624059238434414	0.014591714012169955	0.07008468530829169	0.011793440158199598	6.793455505350583E-4	0.025535917142289373	0.0964815344506368	0.11190890884463686	5.081678200399495E-4	2.3112636566064717E-4	0.1434664675098798	0.0020365413380981595	0.015218182432926766	0.006489164738667088	5.136354936308333E-4	0.004501860916813114	0.0032381130592164962	0.018145617771346326	0.013903918404773888	0.07624616329660575	0.008787218533469301	0.03923382123211064
50	50	0.1969440353372952	0.05076126863026198	0.036653045003703574	0.017749495927757823	0.01676181240047461	0.0678721877830037	0.01142113403953944	6.578993480906508E-4	0.01683754699018502	0.001359712772010202	0.1267912667799468	4.921255129464145E-4	2.2382995689739787E-4	0.05475361137382172	0.10194048311855583	0.012107017935475086	0.0010228228868308848	0.06626599504009249	0.001728999070365658	0.0031358893408876703	0.14121770028155411	0.002942014862239592	0.01596280906522749	0.040078731313780834	0.014318565229055764
51	51	0.0021610373849261957	7.401559955046236E-4	0.48840503013899067	0.019410044956114585	0.03851343898240047	0.01453100858598851	8.554054403434491E-4	6.265802860204674E-4	0.01102498680722964	0.026350058176751835	0.08066729561509403	4.686980547325998E-4	2.131746122256318E-4	0.007047952101549686	0.0294389431335963	0.0340802343353516	0.016007176196432504	4.737410501268351E-4	0.06678988320185791	4.810990513307629E-4	0.10192348614635238	0.007812976110380765	0.04276348672236732	0.003093694050878314	0.006120412863452911
52	52	0.012306402128611825	7.47648955479614E-4	0.3541514391159854	0.006952182917879544	0.08192815121288863	0.10832037252549732	8.640651266336516E-4	6.329234637192016E-4	0.04150706064959676	0.0013080938897743891	0.056175211202831456	0.01059693042234851	2.1533268274967282E-4	0.0324280207283954	0.024675224152322255	0.014178270144512633	0.0035148652588150313	4.7853696173015894E-4	0.021910335960949753	0.0055477132059240965	0.14598012919723174	0.015484686307975181	0.0027024523111763774	0.04361896305881202	0.013774988418159346
53	53	0.16181642331629978	0.06991215310319245	0.08755853762716165	0.004644656626572694	9.87748580141768E-4	0.004784705622284638	9.077139742633658E-4	6.648960303436425E-4	0.02765149480735421	0.014667776262072262	0.13345711824390846	4.973592099437889E-4	0.016178534087609626	0.06065335083814401	0.21734959487571892	0.017553215890254	0.0063511417298419874	5.027105874024771E-4	0.0336520342231419	5.105185346055839E-4	0.10018000399419015	0.005632023465468614	0.013473851042840539	0.003282875218738596	0.017129562108504817
54	54	0.07238214166876171	0.1678575267950582	0.05370915778204148	0.03704172202837449	0.006390137777345098	0.018321872426980832	0.0090035656654576	6.738539776732327E-4	0.0091622497730533	0.052588961739776376	0.16220055424440735	0.043616712407883014	2.2925802741023143E-4	0.015663322272362102	0.10980170976851317	0.015095164393595898	0.006436708781685089	0.05440029898901065	0.04218904044488896	5.173965996489453E-4	0.015304394673809053	0.005707902049879185	0.07024073655536177	0.006021645200980725	0.025443965956041512
55	55	0.10637934718620065	7.690592501896927E-4	0.059701494658541465	0.0514081877323864	0.0738609215243687	0.015098447672535946	0.01650889733353521	0.01887448452690703	0.024472255072832842	0.006552249590562203	0.04476715097459256	4.8700081702677915E-4	2.2149912779663322E-4	0.004719828163436894	0.25187312208105267	0.09789142748340078	0.001012171831080352	4.922407425021601E-4	0.027744474528963378	0.016119974197569737	0.0434232682455139	0.04456494683409107	0.010589886034943463	0.07871159607621918	0.0037560683137502224
56	56	0.010188086100956376	7.792019190569692E-4	0.04466277020827846	0.05208618000035245	0.15132780887376598	0.02321061831995937	0.019364305485678947	0.01121036284536548	0.016881959085512273	0.0171893915139396	0.024256102189619454	0.003131105625569053	2.244203491551666E-4	0.036434259697313676	0.2921224767238506	0.03851577281921292	0.006300884852381085	4.987326153363407E-4	0.059762564544048304	5.0647877789308E-4	0.025532177825830334	0.1242831488937667	0.013367231838043902	6.192156337121346E-4	0.027544743261401237
57	57	0.03951527475471342	7.854169596871035E-4	0.03704284582998466	0.0019859360056686424	0.05682088161912685	0.09518120673302238	9.077139742633658E-4	6.648960303436425E-4	0.02499277418645016	0.03859626185020872	0.029767014028650448	4.973592099437889E-4	2.2621036218531458E-4	0.026089982766391337	0.1482228587322136	0.0016008921648296899	0.009009862350746039	0.04835968176367541	0.0017473867722932782	5.105185346055839E-4	0.3713695073264034	0.010949464707276719	0.05069593973549726	0.003282875218738596	0.0011772383830805074
58	58	0.23674912903747422	7.959986498094037E-4	0.13723992185466588	0.039736262804910764	0.009084678553881368	0.01293279087390829	0.0090035656654576	6.738539776732327E-4	0.0549694429741699	0.022949013197877392	0.04094621930027516	0.0031986007598389563	2.2925802741023143E-4	0.0021906183896807487	0.11519079132158572	0.017789705170132168	0.025298494217438985	5.094834582852394E-4	0.03949449966835269	0.027462804365011653	0.015304394673809053	0.12426769621747509	0.02982262490731771	0.02488343063673462	0.00927672129682389
59	59	0.2890820577832755	0.011512121991692336	0.11506350900854596	0.01540239107447168	0.05459764061710703	0.0021430785427218406	0.0035951097726281173	0.003350339501405946	0.1404379164384999	0.006745416936678534	0.03536654455434886	5.013581234879142E-4	2.280291596722789E-4	0.050420631472371594	0.04757090840324013	0.015014251368512652	0.00372210925482512	5.067525275868483E-4	0.001761436273118524	5.146232529695848E-4	0.007182067596204615	0.019077794144065442	0.09666520763344316	0.0783520008450596	0.001186703724066747
60	60	0.24558957505029885	7.812626414965259E-4	0.16643514713880095	0.0019754317633398815	0.003627181874554525	0.015338029037727581	9.029127885637013E-4	0.021818641652612224	0.043373184174460705	0.025168824997638173	0.18564437759227057	4.947285201074708E-4	2.2501386418392438E-4	0.01008403776268378	0.025784602064207397	0.006881740157707791	0.0010282329198994264	5.000515924417953E-4	0.007027459908956343	5.078182409478254E-4	0.009731754848863884	0.005602233915798491	0.16150342086267913	0.029712089139607885	0.03026224749015114
61	61	0.324995461753928	0.027013516205829792	0.11789592346384106	0.004583722439717802	0.09280920162098677	0.015217295420259676	0.014015007136405234	6.561731252487332E-4	0.011545687297428978	0.017099187076570443	0.01625729292443877	4.90834254178635E-4	2.2324266282966083E-4	0.0021331400609186646	0.04132468000168779	0.004203730066668907	0.0010201391628910333	0.034606039702333065	0.03058670607144938	0.021494543570696342	0.0647557980445172	0.03442037943253014	0.11300301737460332	0.0058636468457304355	0.003785634284310076
62	62	0.264889745334396	0.009201956593877781	0.09475179202805241	0.013255170817011126	0.05688447991383655	0.02177932171947672	0.006538046309872159	6.983152848002804E-4	0.03462603311804108	0.007027950840145197	0.01171669522813617	5.223576656946426E-4	2.375802325253316E-4	0.007854847637021947	0.12216464098368073	0.015643127994909058	0.02063213639092781	0.006112686490390806	0.0046275688208741225	0.011705595357864213	0.06053762125521635	0.07013924980237969	0.09233699745380428	0.06208731930827169	0.004028763418793796
63	63	0.14324110902704953	8.660030671180561E-4	0.2284603986181557	0.025641804804591828	0.012815147451368782	0.005275630597289661	0.0010008481177833962	7.331163332933428E-4	0.09205039804709787	0.0015151673955008922	0.12662962139421238	5.48389738671194E-4	2.4942021565769535E-4	0.0023832731937459798	0.06375951326593939	0.004696661679740499	0.012865814161176464	0.009348829888301971	0.04883088559296379	5.628992490373271E-4	0.05769153102994682	0.06777166369689007	0.08228111249079038	0.009482734414070281	0.0012980265296066032
64	64	0.03994003230466537	0.003481159300660426	0.21480280944525293	0.11218657247727022	9.983660861435325E-4	0.029021835015267367	0.008979370385805424	6.720431300557065E-4	0.10050581914731488	0.0013889444182160044	0.16176467273751308	5.027054230417141E-4	2.2864194237328018E-4	0.0021847315414565095	0.004701949887896442	0.0473021960160462	0.0010448119402357708	5.08114323521369E-4	0.03132646689630696	0.024701703840227966	0.11200605773931713	0.046002059273406413	0.03511708205085126	6.30863759783009E-4	0.020000990917370984
65	65	0.04294025934428171	8.534929379008962E-4	0.07203434892710606	0.23618044052308468	0.001073361642086883	0.031201905714457027	0.009653885359271702	7.225258626484393E-4	0.07916399363178109	0.030384930614258558	0.04390372900116617	5.404677961831937E-4	2.4581713473832456E-4	0.13236127462671277	0.019500977867433215	0.04218796090592034	0.012679956854485957	5.46283004032604E-4	0.140578766539481	5.547677046940329E-4	0.013520652644148833	0.029233499685773795	0.05509000793888359	6.782531683838108E-4	0.004168440571085284
66	66	0.0024494860390820742	8.389497518079208E-4	0.10772606498063035	0.4139118492915046	0.001055071979205403	0.061909520917834575	9.695823397093578E-4	0.0035501491663482224	0.02953617746552047	0.0014678346517098889	0.057355300927868884	0.011890997884230306	2.41628506834579E-4	0.0051487563088471215	0.022008623688114497	0.03294928995426765	0.009623960483350427	0.0033769094171625744	0.08990446664548013	5.453146798247457E-4	0.010450331145324822	0.09121393924074858	0.022912012252140845	0.01202643544753899	0.006937346834912925
67	67	0.02400979845304514	8.003115942587335E-4	0.10547383965987339	0.11309836005725739	0.01455218300795904	0.08073137826869702	9.249278474494007E-4	6.775051079526126E-4	0.003793612306078956	0.012236795178899649	0.13327885632856323	5.067911219894602E-4	2.30500211849891E-4	0.07264014223012874	0.012867586285088963	0.00975867312584833	0.0037624441233685304	5.122439828840724E-4	0.06679989752923735	5.201999998721647E-4	0.14000778375922088	0.10326788908125746	0.040820774496282845	0.052109661618261145	0.006617844624675558
68	68	0.2167194249465484	7.917319418068342E-4	0.25442857965705745	0.047563561224128185	0.003675787880150899	0.007503273567664592	9.150122601567422E-4	6.702419889345708E-4	0.06807528360177276	0.017465806986564036	0.18009181022780316	5.013581234879142E-4	2.280291596722789E-4	0.01825946132271509	0.018089835766055003	0.015014251368512652	0.011762401792239247	5.067525275868483E-4	0.0044415337855899	5.146232529695848E-4	0.0018218725712618633	0.024437989169008193	0.06182393997131528	6.291729833897063E-4	0.044068263923608755
69	69	0.03145548155455171	7.833342926501732E-4	0.22786490142288307	0.012587352236331532	9.851293963015623E-4	0.19304062860652385	9.053070158321239E-4	0.005966474084469278	0.016971489873643483	0.006673870442393671	0.19409165703380046	4.960403771642214E-4	2.25610526825351E-4	0.0498858358540516	0.004639609777207202	0.012203329404913369	0.0010309594548719003	5.013775645327951E-4	0.004394423847895936	0.029677541074118668	0.01240923082646856	0.053347159448848235	0.13011162789451627	0.003274170115137133	0.006477457874067789
70	70	0.24554241995480644	0.008808417062562775	0.03456793818925241	0.018034155292204895	0.003665962742523848	0.026193754339117664	0.003585500282240719	6.684504764753589E-4	0.08125799182237806	0.006727386883825759	0.1608999002181719	5.000180264191174E-4	2.2741965282645164E-4	0.004845986045212963	0.07951895998604373	0.0016094503223503971	0.0063850940925022845	0.021888868325807043	0.16213275542689132	0.003186181488359725	0.03656514208703911	0.008335065306386006	0.08304215898735402	6.27491245663107E-4	0.0011835317435848344
71	71	0.1649679447379204	7.63099410173204E-4	0.07732104999391301	0.012262199111301515	0.047456801608975405	0.040813175179931376	0.003465094689421759	6.460030717746031E-4	0.04753116674968349	0.029750032707737618	0.2071601463876949	4.8322679447043785E-4	2.1978261588271488E-4	0.06151306486492289	0.05876640039632961	0.024803962869783796	0.0010043279852635994	4.884261130387126E-4	0.02494629484666593	4.960121981516798E-4	0.02500454550074587	0.0597186298261729	0.05183859266825813	0.05226988576152447	0.006310133910261938
72	72	0.0461833921027162	0.003547899180421791	0.12853989467418847	0.026695145876833682	0.0010175065008135543	0.01040649443901232	9.35060690808303E-4	6.84927365972707E-4	0.0832609509033461	0.004154392847702816	0.15664952308018565	5.123431605284258E-4	2.3302540616349014E-4	0.002226616645754956	0.0020532744982277177	0.004387942222919263	0.0010648428027278563	5.178557590398211E-4	0.03740468966096739	0.014219998680044327	0.15797452789611602	0.05510045862292397	0.2603735734003222	6.429585155345579E-4	0.0012127050667283476
73	73	0.2896550376466051	8.318624463227788E-4	0.1096319569926827	0.038710640413661596	0.04046936893240524	0.019147366169492322	0.07417592437149191	7.042145341148646E-4	0.10250119373745781	0.0014554346330485485	0.08503020878526797	0.023054319039215954	2.395872701119207E-4	0.06705601909419921	0.05279807786436762	0.01577527849212797	0.012358602467387677	5.324382850041636E-4	0.007482605311962394	5.407079537209214E-4	0.0019142177977051055	0.005965072131366333	0.03679817331644146	0.006292951010626789	0.006878741303211584
74	74	0.03084883465924252	8.389497518079208E-4	0.15316502277288704	0.0021212942991781928	0.0038950068412214474	0.033510172297674126	9.695823397093578E-4	0.012069953752396357	0.04657578663761674	0.0014678346517098889	0.1226738027542379	0.023250737332294484	0.014441302816914801	0.0023088214468310773	0.1895647805470611	0.03294928995426765	0.0011041558973022944	0.0431359974853872	0.035945704267175284	0.00338524954184079	0.04452954948951735	0.02305550255236352	0.1279896021467345	0.04894558865374756	0.0012574771108808367
75	75	0.03809721677304381	0.003320540140956929	0.1459357973369494	0.03267437497328454	9.523019138425345E-4	0.040499324853260577	0.02394491963982763	6.410353554865919E-4	0.021532566466740562	0.0269579482267253	0.07740165457430428	4.7951081582795266E-4	2.1809250367048813E-4	0.00721054680727985	0.04293463762720855	0.01435998657541451	9.966047766460401E-4	0.01073790578935396	0.22981917241389105	4.921979006916981E-4	0.03762880692464883	0.1438485919465395	0.079636355691632	0.010854991620591064	0.00882491835218228
