	0	1	2	3	4	5	6	7	8	9	10	11	12	13	14	15	16	17	18	19
0	0.18412700587248806	0.0387671281005167	0.022838161366060903	0.014340139547547804	0.021294324999039417	0.07806091765575178	0.010845236744513013	0.02466364860850009	0.2725157881008682	0.0018324681457417352	0.09390588866000413	0.008768327523889298	0.03991077753546561	0.0151931893974822	0.004133146994206116	0.050995458348603716	0.037618604887484385	0.0020456233862311333	0.021713470010366626	0.05643069411523915
1	0.21210082707892067	0.00534214232194805	0.0028164948567732714	0.08000974204336615	0.10463356306574174	0.16299145951917293	0.0585721019945884	0.01057074814809378	0.09917925921146804	0.001687799389070158	0.007544766805903769	0.008076090093231656	0.012468387187800838	0.06257679470831462	0.009879729102872731	0.01660507661634764	0.022502943173644832	0.0747587307280917	0.04429078082363741	0.003392563131011656
2	0.054872317785198466	0.03614557648900373	0.033588875933670735	0.0010753147156781343	0.02600188809949412	0.08507730077203345	0.010111848710426507	0.1213566237215348	0.35859579490574073	0.007856101450430043	0.038375282463004326	0.032765588025956215	0.00647413686728345	0.001870678729225632	0.0038536509702760736	0.04139943929805735	0.05351737111690359	0.001907292084752772	0.03254023964267794	0.05261467821865205
3	0.10755546089921267	0.005278036518271368	0.014782714803348163	0.0010495071239295225	0.1573780391414808	0.02303535282486348	0.021869181914027803	0.058443970722210574	0.3319894560618491	0.0016675457661300078	0.0014542205012292061	0.001979167899579678	0.07831886496246286	0.0018257823726215824	0.015761181144127178	0.08840592301135956	0.04023293435501903	0.0018615170063027233	0.013759245820954542	0.033351897151020264
4	0.19372485711013995	0.014608873658358444	0.011376566985076024	0.0013594657865252141	0.07173304551223295	0.1464190896835229	0.020555932579312902	0.029072444071468626	0.19687727217818	0.009932070101538109	0.0018837061439684066	0.10360015516001136	0.08590528018291481	0.010137039889542707	0.004871975218897812	0.06788328023053235	0.005483008312644895	0.017955364067823828	0.002278793603798783	0.0043417795235100335
5	0.06354830828205453	0.03665904389049929	0.01845712281986017	0.0009320665616353877	0.02253804405684132	0.18031579742283	0.08869385594226364	0.019932427320066497	0.017752208169699073	0.12403883540295775	0.001291492236246523	0.001757697663026288	0.20277002750325607	0.0016214760810505716	0.0033402864828674197	0.025227201228847737	0.11033129584802197	0.0016532119848734759	0.0015623690864617807	0.07757723201664064
6	0.0538786525887422	0.005309895941538074	0.014871946616413587	0.0010558421865170856	0.17040046137318873	0.2525510018729491	0.07632722666768219	0.02257939347945907	0.002000968669103888	0.1767281764726891	0.02560790402576956	0.00802734098516285	0.006356898800043483	0.007873029588440605	0.021892545581627936	0.022541070994929597	0.10687427963578948	0.0018727535443631672	0.001769846983355054	0.021480763992235363
7	0.14270564259074114	0.03938748807124777	0.002655244921265172	0.001001438026798542	0.21887226245370814	0.15365987410099535	0.0838447276177704	0.07294274083229642	0.07060025323130206	0.024491965534143283	0.0013876148870989068	0.0018885188588688285	0.01175454720861967	0.03609335266158783	0.009314094950605591	0.015654402935174762	0.08419179394700284	0.018951853577982056	0.007403851452390959	0.003198332140400327
8	0.069297466932722	0.0372918439392101	0.11076412078045587	0.05184945354137428	0.16001907303256002	0.04337778354006866	0.01043252095206856	0.004697558554098192	0.06552754524807003	0.10958531401831252	0.001537231104966017	0.002092143835554831	0.13987204752705013	0.0019300026727172262	0.06105840258551672	0.06808233893814641	0.03618702780968126	0.0019677771301483946	0.014544658556915285	0.00988568930036357
9	0.11090488488432468	0.09951593447807648	0.041542444154695095	0.0065394390809348935	0.06250268769910955	0.03806621084430849	0.1037748648712858	0.07091279161248623	0.0018450488163725214	0.0015468882985101176	0.0013489984637876475	0.0018359626025448235	0.05595438918019344	0.0016936754871735098	0.11480642780922395	0.1042726778534342	0.08741466129257444	0.05181965832499188	0.0016319366375996875	0.04207041760837267
10	0.045968328374274434	0.04566161158854877	0.009715384103600427	0.03434685496741798	0.07453309216861419	0.13831363398359312	0.0905633679039645	0.05137606212215643	0.0022001804810106557	0.015118988795153153	0.05470608417268225	0.0021893453691520467	0.04681285162964227	0.002019671086736709	0.11699262438701227	0.15752879018056165	0.011319569845970006	0.00869637967010024	0.0019460488548765035	0.0899911303149325
11	0.0405071215399989	0.07093537874831711	0.00237026937952132	0.07244430479680776	0.10849911932407127	0.029842728278746733	0.2026145247514394	0.008895993754010737	0.011915653897527244	0.0014203964197083679	0.0012386883978639975	0.06301470112778647	0.030935940496911743	0.037330353865571465	0.0492003672254997	0.15707497925464775	0.05982364875258625	0.00669635794933059	0.0014984902009214775	0.04374098183873179
12	0.05798653712552946	0.009139418386984705	0.007117263651922796	0.1369932822586142	0.05946344635101576	0.028391702455857395	0.08093133726826186	0.047361389107010425	0.0016118008715027526	0.0013513333010656864	0.010902945399843609	0.0793997436088353	0.09264091277825584	0.10844889929725593	0.056532611087193235	0.14943761282824697	0.008292452687513122	0.0209574923398517	0.006287872491207582	0.036751946704031764
13	0.10848953021350627	0.010234159642243706	0.002525132924699588	0.06628820746867083	0.07203077275901139	0.03723718153456205	0.057957564294154176	0.1728168254675627	0.001804866210519213	0.0015131992154644265	0.08843407486603	0.007240631364270614	0.03840181969325515	0.0016567895826160865	0.10141679597644168	0.09655710997660763	0.02561970282568741	0.028912484062616376	0.012485702284483723	0.06837744963759712
14	0.06439626364730615	0.02286646641075649	0.03809700358464089	0.0010309499962611161	0.12512572783574522	0.27017261512690216	0.04505816952118607	0.010259232519372935	0.060892977286633836	0.0016380606307084186	0.0014285073308428215	0.0019441727379916395	0.04746445859243243	0.007687417616396931	0.12157302484457827	0.13988801567496473	0.02183979063301113	0.013616438679125693	0.0017281216494024931	0.003292585681740686
15	0.20209200905388447	0.02600183613882006	0.0024713111923413303	0.006260670437475001	0.2516680107179447	0.22294462842954688	0.003436193928829832	0.014603823444226885	0.0017663965421802345	0.0014809462586466615	0.001291492236246523	0.001757697663026288	0.010940287973029992	0.0016214760810505716	0.10991236399965967	0.05719882448388543	0.05171665321378621	0.006981815860713089	0.0015623690864617807	0.024291193258244505
16	0.12831669023245856	0.016117586491784568	0.008192821785461608	0.08493435867466136	0.21956915307189107	0.07745842739388517	0.14913187697983354	0.015339464829942097	0.02424346651212118	0.001555546267475943	0.006953571567747588	0.05221944308703254	0.04507352171042277	0.0073001777562674685	0.014702592874951891	0.08806522621469219	0.026336673120802196	0.024124580485956167	0.0016410706240524526	0.008723750318559672
17	0.10155545193152714	0.011278045485956895	0.002782696867977112	0.025049542994671624	0.04937787772314134	0.3650358639829384	0.0038691550109712287	0.004443890013040839	0.007988971806830732	0.0016675457661300078	0.0974543639841976	0.013979185834950728	0.0183187752856076	0.0018257823726215824	0.12376134256246665	0.12440597681747273	0.016232898484276927	0.0018615170063027233	0.0017592278855834925	0.02735188818333474
18	0.04155536225467188	0.023278063421327943	0.008782705835662636	0.0010495071239295225	0.16937805707685186	0.08903545146940425	0.3638696930721028	0.04644395278683952	0.013988980774516257	0.0016675457661300078	0.007454229468914731	0.007979176867265203	0.03631880218866418	0.007825791340307106	0.08176127978866796	0.004405797463762206	0.0582329612580756	0.013861534941673774	0.0017592278855834925	0.02135187921564921
19	0.14007689359077075	0.005374782752412885	0.0639335929377204	0.04383866708464597	0.18470272910518415	0.09677745727158778	0.1322498440838007	0.016745324235144902	0.002025420461950314	0.0505780232874925	0.0014808763147345267	0.002015445981467755	0.07975444715692592	0.007969237835747418	0.11991989492972792	0.01059654451784844	0.010420458041683884	0.001895638551223212	0.0017914744743173438	0.027853247385613268
20	0.023003256373507256	0.034451250118073325	0.014436244419442738	0.0010249092648098306	0.11267380109959887	0.3096052550153164	0.1092473754985608	0.010199119741090204	0.007801730006813366	0.019206613261944446	0.0014201371584842113	0.0019327810842279165	0.11163956519920114	0.007642374088056131	0.08570438054890014	0.01602130353948946	0.0041336722662382655	0.06627110671254856	0.0017179959218336953	0.06186712868186335
21	0.033926861500976103	0.0336622890665233	0.02555604094016308	0.126955816130737	0.10436828235921862	0.17083547111516878	0.1525471156744641	0.004240352775602707	0.0018978651746083422	0.007316368519969843	0.11016639597686397	0.0018885188588688285	0.04610574123696653	0.0189177556474144	0.032214890969503494	0.021379601939899243	0.049840599918655984	0.04185264959687996	0.0016786524476664832	0.014648730149849281
22	0.0792745907308199	0.022085447475170602	0.008332737346427253	0.006688344925810514	0.041155470051074006	0.2324816564191902	0.2939939171109375	0.01560142949642644	0.0018870613727154175	0.0015821116114222895	0.007072323432745142	0.0018777682618847829	0.005995025489926967	0.013117456593257687	0.009261073462038048	0.04402832702473545	0.06663470001462556	0.11561829888857335	0.0016690965378293138	0.03164316375438975
23	0.10897837142601904	0.010823459507223826	0.019945031208261337	0.04707252966457987	0.1222437491644421	0.22940082654623906	0.20524899807649266	0.004264769429294686	0.05949044988633295	0.0073584973818567176	0.001395605003475795	0.0018993932632893934	0.006064066189608525	0.02478485286710587	0.009367727052201385	0.07332620007008099	0.009820430806262626	0.047851809735073934	0.007446484055494171	0.0032167486666651673
24	0.006400126395430634	0.012993142914011666	0.0032058726963834004	0.10489592434796426	0.13983642041885552	0.35833623729216113	0.1219692759502668	0.018944598716560332	0.002291432363156444	0.0019211361119230266	0.022412732518517504	0.0022801478680045586	0.048754401814586235	0.0021034363912518627	0.01124559262105333	0.06037543907449462	0.00487659160253935	0.04361933112676688	0.022764123594185604	0.010774036181886942
25	0.06906892217834873	0.01667765787285953	0.03164357143222698	0.15738391967492446	0.10557718312673622	0.056983980274990485	0.22960375713959555	0.01587249719534219	0.03087741893453565	0.0016096000767603126	0.12302548475202905	0.0019103936262440367	0.011890700461515157	0.0017623381059816785	0.021005008669512385	0.05637632735476919	0.004085791823422104	0.04812894416810377	0.007489610473245356	0.009026892658857292
26	0.011986844461835858	0.017923294002100836	0.002886615169392795	0.09444984099708634	0.038773715636963926	0.14215304031077908	0.24052853602170834	0.004609844669168737	0.0020632395748548847	0.001729819356021643	0.02018075569515955	0.0020530788485973767	0.006554727907594382	0.026790269382618203	0.003901621803617461	0.1290518503747419	0.07907986765156896	0.05172364266684138	0.0018249252943730602	0.1217344701749754
27	0.0538786525887422	0.0415272542221206	0.008835720236316496	0.0010558421865170856	0.11607442395231493	0.27669590739333744	0.0702910002875851	0.02257939347945907	0.002000968669103888	0.001677611449873541	0.0980426205869346	0.0019911146050657627	0.03653803070052892	0.0018368032083435173	0.009820092821433759	0.016504844614832506	0.1913814489571487	0.013945206304557345	0.01384229974354923	0.021480763992235363
28	0.05026995272685365	0.0372918439392101	0.015626549751114185	0.1913845577177421	0.1283065493561128	0.10046032615767367	0.1119125967166997	0.004697558554098192	0.008445002630464995	0.008105238253681377	0.0395922595167027	0.002092143835554831	0.051076981232997865	0.014615012143296118	0.01666086943849061	0.010999796320541395	0.10595457989786518	0.08442033868891119	0.0018596490863363915	0.01622819403565302
29	0.11563693785935365	0.011484771685267164	0.19224336052766028	0.14159849001031444	0.0563929615152443	0.16398733553298486	0.034490021158132225	0.022855313167999186	0.014245398327658872	0.001698111824658255	0.0014808763147345267	0.044785368511447717	0.07364445822407165	0.007969237835747418	0.003830105205496604	0.035036500249265565	0.05319038057166384	0.001895638551223212	0.0017914744743173438	0.021743258452758988
30	0.02114482203665452	0.015509920835698975	0.007883935810009114	0.12482019040671499	0.1035708785643194	0.13378412778394413	0.051947241354629255	0.003989128665483898	0.11489150052480715	0.0014968990225128669	0.0013054042000059005	0.0017766315950327495	0.054146165918901534	0.10397301170834686	0.003376268073148323	0.05781497063712247	0.07920376355591452	0.08246107492941726	0.02850921711529528	0.00839484726204085
31	0.005270690724066091	0.005007624396688957	0.002640129653600037	0.08069224493256431	0.1493150162147911	0.03324038717023765	0.2939939171109375	0.00421621411077201	0.08727617676512364	0.0015821116114222895	0.001379715739917926	0.0018777682618847829	0.04584327933971747	0.007424848900430474	0.003568465769210833	0.061106150103217086	0.10079034617158886	0.09284786811726448	0.00736170423065653	0.014565340675908096
32	0.009842687271317423	0.009606510210954156	0.00237026937952132	0.0008939581698843151	0.0778346850553898	0.0042890330548454965	0.10039974385583443	0.003785254709230491	0.2010129985543964	0.006531135464488614	0.06256755693522696	0.027239527814324743	0.036046679541692	0.12421291762683567	0.0032037158224774817	0.0957461107172848	0.04960217066302575	0.06291448744191329	0.10882401014130663	0.01307654757005031
33	0.009273927774038423	0.047574718888765063	0.06964911461262345	0.005657715900011036	0.039629103653696984	0.013672021533158892	0.2727685047441185	0.0035665238376555437	0.011227108063072314	0.006153733925554379	0.0204287711563569	0.0015884167861624134	0.009886647418016	0.15074318213993365	0.003018589164443046	0.01316678214930596	0.11896713646236268	0.04001731463436317	0.16032059781164765	0.002690089344714086
34	0.1075938568033091	0.008113698385960922	0.0494840047973477	0.02233779779975875	0.01394088112128076	0.13311907723548289	0.09774769447695307	0.050679107278239086	0.07049573038142694	0.014149326921978532	0.06147792101681548	0.027323169625200937	0.017495520902994034	0.1308100540676723	0.002705871677341525	0.04201859977000622	0.03326109635599004	0.018605425922266373	0.09191321052576233	0.006727954934213092
35	0.009185464128961087	0.008965057256706585	0.011750962060456336	0.0008342661384958332	0.034481602113663565	0.008772123614363792	0.01738408204335741	0.07030523724181406	0.07312326642077137	0.0013255526669181327	0.03454234495638931	0.10650184747252224	0.03840922520909026	0.1922305778647994	0.007759275981226977	0.032119108811137095	0.2895336303361176	0.0014797427946728115	0.05386272317972485	0.0074339097088113575
36	0.004013949526607774	0.012484138214304613	0.03669273666931373	0.03110516766291983	0.057353966505996765	0.06866721172455803	0.0981714566158416	0.011881431451791671	0.20085929196035374	0.03155172719030837	0.08775603286774229	0.01877109320591986	0.05658875179506829	0.07501870792460111	0.011388131942279823	0.020524437539649863	0.05074635120556231	0.04903293895178972	0.05329429545557439	0.024098181589816296
37	0.05855596371847396	0.01904914656361537	0.007187155033496914	0.11869859489662052	0.0404074176070244	0.009030549830700963	0.10627602951678956	0.008546559856743454	0.04090754583250995	0.0013646033660790961	0.16812968053713195	0.016349582142204208	0.039540758595940216	0.07023394813116891	0.037447801601645486	0.01833536684375126	0.0034638947623326323	0.18319295255846646	0.05053952601735142	0.0027429225879533154
38	0.0078024042234481564	0.04954789702884413	0.046043204389960186	0.009901011732436387	0.1030589297127625	0.007072091244355106	0.030715161706931924	0.03152237427650128	0.17976015244115456	0.010769044058060052	0.0020424457589855987	0.04491465178577246	0.008874664565064885	0.05312620652647776	0.08112539162677226	0.04832284143638205	0.056506964435926975	0.07003036361275318	0.15415653884892738	0.004707660588483122
39	0.13131308495896798	0.008838590783635246	0.0397983951348626	0.0008224974801239655	0.08101718261099274	0.02275497837446117	0.0030322521631082856	0.003482671298112691	0.15202914348824664	0.01071125335655492	0.0011396708707676704	0.034466470576404985	0.07078280070452242	0.03904846238721517	0.0170542187121604	0.008155018077893731	0.08795690100613891	0.1472270644760167	0.07191170277140731	0.06845764076840648
40	0.15523138748478574	0.06262408608457566	0.007117263651922796	0.0008504917556553976	0.13239708412045798	0.02352945993789458	0.0031354569808568346	0.0036012064453450968	0.016198528425391198	0.05483600099865665	0.006040702881880797	0.011328348357355892	0.048880730116590485	0.13276011188707001	0.007910185907565094	0.0035703372893625507	0.1638842132623232	0.07444216003744265	0.07922151026064979	0.012440734114217693
41	0.07601453125580845	0.10275313039350176	0.02004694810728633	0.07264192674163207	0.06839663633892708	0.02173304706468685	0.17355494657589446	0.016799332694336814	0.010470790057025541	0.0012481625294272314	0.014561556954799269	0.005972435529914282	0.013711652993822791	0.0732229708710462	0.007306263852774075	0.007788774341317448	0.025623437514587902	0.19899836201302465	0.03275394776247335	0.05640114640771352
42	0.02982830933496445	0.01952857199437331	0.0023344766762263642	0.0008804587846206731	0.03135725737357849	0.05455989928005835	0.0233801880640904	0.023862348184649197	0.05703778952666382	0.05173458103768687	0.016320673423497016	0.036895318863824335	0.07577085667296901	0.0418002031198585	0.0031553375027531427	0.00872970128047049	0.04885314365678479	0.3841124902040285	0.0870464390577806	0.002811955961121695
43	0.01638061517954958	0.02453272969163229	0.006107581249923001	0.07583422732828322	0.013475538291427865	0.011846548054201234	0.023552979437170947	0.03647005415836629	0.05979766984751988	0.009504560138682816	0.0051837455322824395	0.20582717146958007	0.012739059072389902	0.2641350308923348	0.0026155504148188285	0.09485808946790343	0.011288519537099249	0.047191644476534164	0.02625818115578132	0.052400504604518734
44	0.03152909504498664	0.004004578615285189	0.00211130186988018	0.0007962873637816577	0.01925480478060276	0.04479164289990603	0.021145053741833942	0.02158111959525809	0.028823219230612568	0.0012652087745009895	0.0420745684468054	0.024263430353494847	0.06397484334121073	0.0787753394403297	0.007406046021579506	0.04886636108881262	0.03963045026899778	0.2836585266946136	0.1470102010466115	0.08903792138089639
45	0.07668973897827742	0.004235983114611417	0.02149496375245275	0.02010396115806225	0.06370617908378233	0.02330285170519304	0.11867522199157217	0.008381938923672614	0.011227108063072314	0.006153733925554379	0.05895209184449346	0.07863505816243553	0.06767162845022084	0.006280729559421507	0.003018589164443046	0.003535951977271819	0.02265883474202127	0.2567109935051314	0.05919688100528914	0.08936756089302135
46	0.03798351191385098	0.0569314007348326	0.011807276642350257	0.058346320096194025	0.1209089334139912	0.07590689444672934	0.007882716461412474	0.032303459786173085	0.09743538777517508	0.0013319051633207096	0.010746193601536657	0.001580804556055141	0.1104783650386887	0.11647440393596604	0.0030041230649159967	0.032273034436477284	0.008173231979394959	0.08774891803086636	0.030159161607400807	0.09852395731466834
47	0.10076681440836276	0.0234976434586797	0.02149496375245275	0.0008423008139939654	0.044444518739714035	0.1677653042857052	0.05607482587335026	0.008381938923672614	0.011227108063072314	0.0013383188395373082	0.0011671108122886145	0.0015884167861624134	0.08693328879428915	0.0014653144734044364	0.007834004250460117	0.003535951977271819	0.003397174397952984	0.2518955784191143	0.10253561677944276	0.10381380615107257
48	0.225646949828914	0.045614808909328966	0.04861538130998133	0.0008985504266334145	0.10391948565212683	0.050544001660634164	0.01872361062724242	0.008941692410539697	0.017113857401536325	0.001427692985995856	0.006382044406176412	0.006831485575267126	0.015683879578305485	0.06320708400158631	0.02376814478718432	0.014046071808417913	0.03444599803578292	0.23789543646013356	0.0015061879344066265	0.07478763619980644
49	0.17178744078356686	0.03589398458890032	0.07024591104287647	0.01656480896807492	0.08467646128767707	0.14524829172677478	0.019016676217946518	0.003864251431918303	0.017381726822048072	0.0014500395139500427	0.011699335490174972	0.038242801825776385	0.015929366708146802	0.07463120972912039	0.0032705760656684233	0.009048525567686469	0.003680764977136788	0.2520538182145422	0.001529763080541423	0.023784245957472857
50	0.06377910811722827	0.024077355769703858	0.0022884014220371685	0.0008630812872493634	0.015935713602040182	0.014009325110570693	0.07226090232738393	0.03819402998059681	0.06578047547919967	0.00630555320571684	0.001195904699956665	0.016430254521667312	0.08414381058264524	0.040975198096882326	0.00309306102812712	0.08750486978999555	0.028152069324681693	0.2778469814946508	0.021183599438719333	0.13598030472094724
51	0.10652482116210706	0.049979459033353456	0.030753038154582937	0.00661305388299567	0.035063655092806886	0.16232228987316494	0.07680043528605945	0.03793990626321704	0.018751395771556247	0.018449878845409717	0.001364184208874185	0.0356277844195182	0.16352625920680913	0.001712741279239217	0.009156821081774149	0.015390069306741966	0.02085638404746156	0.1931161377652513	0.012907358862771159	0.003144326456305814
52	0.13049285352008674	0.08968282907570592	0.006603535773420201	0.0007891028080647381	0.028103643553695663	0.23837268772228015	0.04351068741329478	0.01687511924278607	0.0014954602267295265	0.019298926404664248	0.01462724826300364	0.019533228673751814	0.004750943614258119	0.0013727681921361975	0.020873074274003083	0.00782391170865928	0.007693899038936626	0.3036556150912702	0.028390426833754555	0.016054038569498424
53	0.02773427581709045	0.03219818779520519	0.034931938314056034	0.0008186480334514436	0.10871916257046722	0.09753156331341274	0.01705863863036816	0.031547527708629904	0.02963260854576472	0.0013007372994490365	0.005814529655381965	0.02026458286207541	0.009609018929720015	0.0014241667491123589	0.07781690631307328	0.003436658358249025	0.31687468629259496	0.1184568574657567	0.062214756819924916	0.002614548526216486
54	0.07250030994337077	0.02221400745901146	0.01576837350267489	0.0007962873637816577	0.08298780573364473	0.10397228664201642	0.002935624898107664	0.1262853354466842	0.06068971970713356	0.033131709251021976	0.0011033535484212752	0.06523464525187897	0.01845127123189502	0.0013852668544930152	0.007406046021579506	0.0033427889794969256	0.03052573584713464	0.11977366710107708	0.21529555921058505	0.016200206005991282
55	0.08499657723236076	0.003950624651426375	0.002082856154181713	0.0007855589292136061	0.014504360479613234	0.00825997809985839	0.038824256927609824	0.030272401659165282	0.046398973963234766	0.0012481625294272314	0.045998717872732346	0.15417619414302736	0.2382628024076305	0.12711524673036007	0.0028152408644979204	0.02126184330614591	0.016641391538035597	0.0463035804116354	0.005807809832816419	0.11029342226702736
56	0.07595819846865216	0.004195576232442937	0.021289924108983636	0.0008342661384958332	0.024942640065136263	0.07077537692979123	0.0650788922859939	0.022610426999177573	0.03973689925092585	0.0013255526669181327	0.0011559777865437675	0.02542067006004021	0.20534106105831795	0.1016104384037901	0.03160668110254521	0.02734962778687345	0.008134249904562331	0.08256092020715483	0.034784799082670265	0.15528782146098447
57	0.022736809004088795	0.2830873086248541	0.043226599725791966	0.001013037711797201	0.17507535288812612	0.004860352953948071	0.015317733708643403	0.02745552548890717	0.15829073016375042	0.0074011142235428035	0.0014036876695967455	0.0077019077730265265	0.06980584192934006	0.0017623381059816785	0.015213494522729897	0.06795935564833418	0.05620941914446451	0.0017968309938438524	0.03065566706037532	0.009026892658857292
58	0.10773762919495596	0.19286367825998704	0.002640129653600037	0.0009957372329832991	0.331478462385262	0.010469956398928785	0.0036709247767494663	0.03267925257490808	0.007579669065542633	0.0015821116114222895	0.001379715739917926	0.0018777682618847829	0.2052362947388795	0.001732241207603257	0.0661871503903102	0.021257896253426587	0.004016015393526194	0.001766145032029055	0.0016690965378293138	0.0031801252902536672
59	0.07112863464735615	0.04699612213779682	0.002766100241721267	0.0010432476288011986	0.3055449906496894	0.0228979648305385	0.003846078505448117	0.016345832804997615	0.001977100220094626	0.013586047295890316	0.0014455472050357784	0.01986003441802953	0.1315297658967346	0.0018148929983560567	0.07530941366364939	0.010343743875435673	0.2666334719045565	0.001850414502692632	0.0017487354571584322	0.0033318611160174498
60	0.017661294308159676	0.07774461250270312	0.08730666317757864	0.0010558421865170856	0.049675933771246975	0.08353666323023064	0.015964962866711313	0.02257939347945907	0.008037195049200975	0.001677611449873541	0.0014629985053812035	0.0019911146050657627	0.5616897257689755	0.0018368032083435173	0.015856319201530848	0.004432391854638332	0.010294657554236069	0.013945206304557345	0.007806073363452141	0.015444537612138275
61	0.006064748045822356	0.11711594287396347	0.048889482292284736	0.0011457502923315707	0.08665713257768969	0.04479845562473638	0.0042239689315287975	0.011401638004557449	0.041472731279541625	0.028021381173459814	0.008137806212441865	0.0021606639419714463	0.3278594300532653	0.0019932124703762213	0.07615859324762587	0.004809823217930082	0.161826545950101	0.0020322240845453868	0.0019205547234765546	0.02330991500235048
62	0.019549364548155004	0.17291568716204794	0.003098772093972098	0.0011687163720502198	0.17525397088982544	0.025651844917042328	0.0109901621983454	0.03167475580469953	0.0022148810432129963	0.008538481108588599	0.0016193994967791962	0.0022039735362771548	0.25425292640938296	0.002033165570800672	0.0175514296434901	0.018269285283182345	0.16507029057731873	0.035480587142281805	0.04872973061053616	0.0037325755920113893
63	0.03492667224690778	0.16432050513266866	0.03809700358464089	0.0010309499962611161	0.05439870847478913	0.06388547532411355	0.003800741560628353	0.004365314239293264	0.0019537944858370954	0.0016380606307084186	0.0014285073308428215	0.0019441727379916395	0.3539482091565755	0.0017934993363172575	0.015482495803144125	0.004327895233132216	0.0925668099939672	0.02540427523928504	0.03709163132988054	0.09759527816301547
64	0.028201662496251632	0.102364677123217	0.002655244921265172	0.001001438026798542	0.05284149131669833	0.021980296992332397	0.015142339561076685	0.004240352775602707	0.0018978651746083422	0.0015911695152453676	0.0013876148870989068	0.0018885188588688285	0.4239688755487819	0.0017421586332409698	0.07229128400257483	0.0042040049257258145	0.009764206885584643	0.007501455568533103	0.13335822955632942	0.11197711323016538
65	0.038815893188022366	0.2677712105280835	0.07509039840604474	0.0011457502923315707	0.17181010994740972	0.038248226596296384	0.0042239689315287975	0.011401638004557449	0.00217135710890161	0.028021381173459814	0.0015875771840018634	0.0021606639419714463	0.19030462045602525	0.0019932124703762213	0.036857219076985866	0.011360052246370085	0.004621049267540949	0.0020322240845453868	0.07397307403631657	0.036410373059230484
66	0.005425105716754065	0.06374816787932865	0.13748329901671508	0.0010249092648098306	0.29431469121938186	0.004917310298261068	0.003778471558041651	0.01605850329334127	0.0019423464545623031	0.03678476391869764	0.0014201371584842113	0.00779216463647898	0.25226477045322665	0.007642374088056131	0.009532394369636321	0.004302536434987335	0.0041336722662382655	0.025255421846791117	0.019296146578586887	0.1028828135476208
67	0.017244917406668756	0.03465430297091583	0.03809700358464089	0.0010309499962611161	0.1722770740763826	0.06388547532411355	0.009694659840708029	0.010259232519372935	0.0019537944858370954	0.007531978910788093	0.0014285073308428215	0.0019441727379916395	0.507190084438647	0.0017934993363172575	0.015482495803144125	0.045585323193689936	0.01005195407285178	0.0018286021189663426	0.0017281216494024931	0.05633785020245776
68	0.11853390115628545	0.18087505111448865	0.02169386757081437	0.0010955189902916607	0.2081191179328884	0.005256081682412438	0.029091015352679408	0.017164831968594568	0.0020761617635425547	0.008003711102545805	0.0015179755704783913	0.00832899518800404	0.2821703232163912	0.008168885024111745	0.003926057886440183	0.054703416116062255	0.010681513765251144	0.008206186314323316	0.0018363549069503817	0.028551033377444218
69	0.029152653115635793	0.1104928140761666	0.05542422716168448	0.0012988954166686414	0.21705213902364826	0.013657597535591209	0.004788559882580199	0.005499865830835383	0.039590370097352084	0.02434106392851831	0.0017997784872578284	0.01730097871255234	0.3345535246706254	0.002259632451805849	0.012080662924728224	0.02030423419029312	0.012664471721365584	0.07656142160108667	0.0021772630079007565	0.018999846163703395
70	0.006582120833228513	0.3617044659212051	0.003297035114589144	0.0012434921965188905	0.3073202171171355	0.013075044950317064	0.004584308151478328	0.055028395281102434	0.002356591692663164	0.001975765671563013	0.00883202787700094	0.002344986310824968	0.12123095864857095	0.009272267182733756	0.0257834077292269	0.03365620993101929	0.005015262699364506	0.0022055894793336227	0.0020843938051900287	0.032407459406933965
71	0.0056227819325965715	0.035706560725819236	0.021035145899095987	0.0010622541933010582	0.26252853876587195	0.08404397166910785	0.003916148867620255	0.01664363182886802	0.014158887680628706	0.001687799389070158	0.0014718831251295302	0.0020032064124574176	0.29789392018419003	0.0018479579005722605	0.015952612783646968	0.0044593092547991625	0.034648710535193306	0.007957010239575079	0.038217897142863166	0.14914177146959334
72	0.024434996541875	0.2482141074828249	0.021558843289451502	0.0010887003967928	0.1259107801972379	0.04879189971048554	0.004013646500964675	0.004609844669168737	0.014511391654894025	0.03907427559613906	0.0015085275751008415	0.0020530788485973767	0.373775214268749	0.008118041262559496	0.01012569784363703	0.004570329574350494	0.016839107251373275	0.014379186426723969	0.03294530549447091	0.003477025414603589
73	0.031441858658412584	0.043912866236544966	0.02210928271672833	0.007499485919303575	0.10997656201559926	0.09471857442922144	0.016882100489655275	0.011110531890514813	0.002115918115844776	0.0017739850268249004	0.0015470432340033806	0.002105497966376718	0.262041637826306	0.0019423218583009558	0.042299171072474384	0.017452996770492682	0.010886053715764324	0.008363326302111755	0.0976163522923339	0.21420443346318613
74	0.012451852107991148	0.21258442495785715	0.022395179074384448	0.0011309345319309324	0.3118300323138862	0.005425998389774429	0.00416934855565098	0.01125420279290537	0.0021432791700304412	0.027659035143666445	0.0015670481356279574	0.002132724277033282	0.2589645850837582	0.008432965784264364	0.08810483757524318	0.004747627127871693	0.004561294223875973	0.008471472937093008	0.008361247578708497	0.003611910238446487
75	0.012954394066503404	0.22116407980285505	0.08383723992496801	0.0011765777061106973	0.4454915580262436	0.005644985238801622	0.004337618510249335	0.02516134638744413	0.0022297793711575004	0.0018694462644539454	0.0016302923367581704	0.0022187984952179896	0.1214337773570955	0.008773310265112425	0.024395957454896464	0.02511864172805854	0.0047453826400198	0.0020869028510842108	0.0019722289281809548	0.0037576826447887107
76	0.10204502150212877	0.1302449936388877	0.002640129653600037	0.006688344925810514	0.3428636777709164	0.010469956398928785	0.0036709247767494663	0.09529793719600746	0.013272276758369849	0.012967326997076721	0.007072323432745142	0.0018777682618847829	0.040150671646890256	0.001732241207603257	0.1003427965472735	0.004180073174944943	0.004016015393526194	0.001766145032029055	0.1155212503943736	0.0031801252902536672
77	0.05191635124490237	0.06471411064644345	0.00958810812164473	0.0011457502923315707	0.28316400343088977	0.0054970814540963656	0.0107741979599688	0.02450209606143745	0.00217135710890161	0.08697344242941983	0.014688035240881869	0.02836158005573145	0.22305576559822526	0.0019932124703762213	0.10235950936138588	0.031010739331690088	0.024271736352860958	0.0020322240845453868	0.028121470837236564	0.0036592279170304704
78	0.013042121488080694	0.12785352112986914	0.0031407419899725226	0.0011845455144012685	0.42142035415609336	0.005683213194296849	0.00436699295151896	0.03887578044622817	0.0022448794826651227	0.015426147099210996	0.0016413327098074065	0.0022338242440091555	0.2712405793516661	0.0291487846612971	0.011017126471338646	0.02528874568359778	0.004777518468316318	0.002101035399875613	0.015529625809238997	0.0037831297485158883
79	0.18106001302663416	0.035445619379059726	0.003368883467431779	0.0012705901384538177	0.3503369582811147	0.027887845130092983	0.055531758143485314	0.07801937043563957	0.01693581740786164	0.002018821175726946	0.0017605580618462546	0.0023960877998948824	0.09481705765237283	0.002210390977557175	0.05540101742167429	0.012597832575879365	0.04870816830775493	0.002253653259557241	0.016657687836562737	0.01132186952139971
80	0.07210097809747759	0.20978007526571024	0.003368883467431779	0.0012705901384538177	0.5101435428438778	0.027887845130092983	0.011948144171822687	0.01264394947814562	0.002407946083974093	0.031074563823502037	0.0017605580618462546	0.0023960877998948824	0.01491376537099135	0.002210390977557175	0.033609210435842966	0.012597832575879365	0.005124554336092297	0.024045460245388558	0.0021298165126751928	0.018585805183343483
81	0.10246619369877888	0.2051239533299552	0.010048864677435768	0.028660810517294587	0.2006614460336167	0.012626244012911129	0.004426951767346643	0.07373454642527323	0.05033070376578065	0.0019079475119420444	0.0016638682088915215	0.002264494652211067	0.10333970521614584	0.0020889962997989496	0.03862839281663228	0.011905959580771924	0.004843113799734357	0.00899488291523702	0.07066284996540652	0.06562007480483578
82	0.04958875210199632	0.2067760592835779	0.010480558918012249	0.001252395497814946	0.2952007698484377	0.013168661190915944	0.004617131418741954	0.04826247673607072	0.06681272043617245	0.001989911990384775	0.001735347161580539	0.002361776218891016	0.043339871936085225	0.0021787385443366577	0.054607684015008734	0.04821702022021762	0.005051171565553062	0.016541215926917884	0.009259235197117629	0.1185585017921668
83	0.04958875210199632	0.25689548041614263	0.031960310831968576	0.001252395497814946	0.2737210179344813	0.0060087438862638344	0.011777048723394063	0.06974222865002705	0.0023734646943034624	0.001989911990384775	0.001735347161580539	0.002361776218891016	0.14357871420121476	0.00933865584898877	0.06176760131966084	0.012417433696957069	0.04801067539346572	0.002221381317613661	0.0020993178924655193	0.011159742222385144
84	0.11309072290899977	0.10610043119001598	0.029824874482784886	0.0011687163720502198	0.3422921108199054	0.012288793722635931	0.017671687795548594	0.1385791653599507	0.01557793223761939	0.0018569555113854008	0.0016193994967791962	0.0022039735362771548	0.0938963120765062	0.002033165570800672	0.030914480837896486	0.004906234088775947	0.004713676244441985	0.002072959156265815	0.0019590514301137687	0.07722935716124657
85	0.09254825592990898	0.2067760592835779	0.02480039352731647	0.001252395497814946	0.3453201909810025	0.0060087438862638344	0.004617131418741954	0.04110255943141861	0.0023734646943034624	0.001989911990384775	0.001735347161580539	0.002361776218891016	0.21517788724773587	0.00933865584898877	0.0044882628824439615	0.019577351001609174	0.005051171565553062	0.009381298622265772	0.0020993178924655193	0.003999824917733033
86	0.006875384185098757	0.12534432669652462	0.010869689300610408	0.0012988954166686414	0.35814150891704943	0.03593486646612825	0.012214316192759209	0.02777713476137241	0.009887344856636029	0.0020637949979812787	0.0017997784872578284	0.0024494660921943194	0.11920659167543406	0.002259632451805849	0.06406095709598131	0.01287847788011411	0.16117959792494582	0.002303858499296579	0.0021772630079007565	0.04127711509424043
87	0.02771216654642962	0.10503315954526746	0.003273761884622104	0.0012347145891092072	0.3898569254202573	0.012982750353085869	0.004551948272332052	0.019345779159509982	0.0023399568985237023	0.001961819065828728	0.0017108480997504699	0.0023284334371719397	0.3603756312092896	0.0021479798284491447	0.0044248990597455405	0.019300964383832626	0.033215204548512595	0.002190020585044848	0.002069680411281846	0.003943356701955538
88	0.006104735461251593	0.1772288939759229	0.029431578788699293	0.0011533047022710228	0.3575586135535973	0.0055333260067294675	0.004251819321874625	0.0180702311858617	0.002185673772694212	0.015019302991018512	0.0015980447430666445	0.008768327523889298	0.21133963052406374	0.02178660682012059	0.056880486375313226	0.01143495381277338	0.01783835261956921	0.015232458231507913	0.015120052587728234	0.0234636070020472
89	0.09527695644669816	0.14653347375963854	0.01816058949872271	0.0012893212313987348	0.1933391804538512	0.043041010719361485	0.004753263307579995	0.04968545163590008	0.009814465031001042	0.05364572905816653	0.0017865122824035579	0.0024314110264222256	0.16992506373241853	0.002242976653765565	0.07833080425238081	0.005412529445252981	0.005200100730374429	0.009657897615315596	0.04638733978783291	0.063085923331515
90	0.02713748929210328	0.04755541440846607	0.07924286998418309	0.0012091098646010337	0.3817723208800364	0.019625976646507903	0.004457552869121821	0.012032144417669451	0.002291432363156444	0.05722077050305008	0.0016753696218448615	0.0022801478680045586	0.2561280307813127	0.0021034363912518627	0.02507050121883509	0.01198825898225845	0.039438863096993765	0.002144605333421589	0.015851669295294718	0.010774036181886942
91	0.007032038804680599	0.1965548384846567	0.0035224024981646046	0.0013284905581031855	0.4118714171016995	0.021563734968817392	0.004897666516704922	0.05878983701157783	0.0025176754802094625	0.0021108182641144447	0.001840786175942924	0.0025052768176055578	0.06116308774839496	0.0023111178455820433	0.05033067444570557	0.03595676534204816	0.03573788308438148	0.03273615588849256	0.017416773781695948	0.04981255918142228
92	0.013499205983181632	0.07625951239256826	0.03829760508059092	0.0012260600324855394	0.4852552911107042	0.012891749607607687	0.00452004203714346	0.05425696783208612	0.0023235553028400995	0.0019480679736003168	0.0016988561528791955	0.0023121126135547307	0.0914940241287548	0.0021329238687838254	0.05345938958916199	0.03318439308013685	0.06802917745282486	0.00217466994666457	0.009064531313291829	0.045971864501139215
93	0.021566747394899072	0.15390449466481848	0.01816058949872271	0.0012893212313987348	0.3186465358419097	0.013556927098641834	0.004753263307579995	0.04231443073072017	0.009814465031001042	0.016790624532266974	0.0017865122824035579	0.0024314110264222256	0.3099744609308368	0.002242976653765565	0.01936263701094153	0.02752559216079271	0.01994214254073425	0.002286876710135687	0.0021612143567534448	0.011488776995255622
94	0.006677055438864504	0.33086360954613275	0.003344588591090427	0.0012614272123411465	0.16031014846616182	0.07095603899963589	0.033496633765092675	0.005341215569945195	0.0023905810569815177	0.009215813759449621	0.0017478617068616366	0.016801911122391672	0.15182569089741405	0.002194450629372104	0.1559632099660634	0.005295431242090799	0.03393380401473931	0.002237400923201134	0.0021144572313864696	0.0040286698607839904
95	0.006774768623388497	0.09424167010291158	0.1570523505381169	0.008596973663980167	0.1407048953921948	0.020774816397851902	0.019352656283900423	0.020053552857842147	0.0024255652337760907	0.00935067957248067	0.0017734402174863792	0.002413620181606441	0.4320968216137188	0.009543651107123128	0.019220958920917842	0.012690012006644926	0.005162051143482215	0.02422140295811834	0.002145400564343683	0.011404712620115184
