	filename	id	author	decade	gender	narration	0	1	2	3	4	5	6	7	8	9	10	11	12	13	14	15	16	17	18	19
0	Abbes_Voyage_000.txt	Abbes_Voyage	Abbes	1750s	M	2	0.0536083020242162	0.003645915558209207	0.049942912240684666	0.2482013764211765	0.001595612515171826	0.05018655985311298	0.0007118681192787296	0.0026298725050042924	0.06952658269311501	0.021108603293475667	0.0030492912046001987	0.06705611171954322	0.021193081779720138	0.01849813772961571	0.007788513601940351	0.1221230726963544	0.09509139560939477	0.003405663496496139	0.14142699286033064	0.019210134078559447
1	Abbes_Voyage_001.txt	Abbes_Voyage	Abbes	1750s	M	2	0.08429652769010447	0.0033041141125394018	0.018475338820844817	0.04636292179063814	0.037159983057026	0.0320888788700058	0.009573620556242278	0.01131181368156552	0.19693586731172746	0.010201200441684788	0.002763422778587475	0.06523390368892465	0.005813514412318584	0.016763953238165947	0.0025941024248274077	0.1999590343427975	0.0013560092384344912	0.14147797211205645	0.0835258866986234	0.030801934732885443
2	Abbes_Voyage_002.txt	Abbes_Voyage	Abbes	1750s	M	2	0.10593693379861632	0.0034264875442400625	0.01915960411445527	0.3119664272446063	0.0014995811947315807	0.04253651565739982	0.005298610166101975	0.011730765755199492	0.005157540080721724	0.08928197349301256	0.07693913965224397	0.00746533899815166	0.0060288277110260285	0.0034960778234662824	0.039726863805842214	0.04995894517674381	0.02918374464577918	0.04023737938782264	0.04958272417772803	0.10138651957211116
3	Abbes_Voyage_003.txt	Abbes_Voyage	Abbes	1750s	M	2	0.17774882619144758	0.0075657078153026575	0.05277567547594061	0.3494985700105817	0.0014083031555189116	0.026903997953262558	0.0006283017394016798	0.0023211511016577448	0.13092943485106875	0.0012395101220366766	0.011386908559861322	0.00701093112200386	0.010009646083863224	0.04241335990877816	0.04600430292573137	0.012135695387914848	0.023059571467176545	0.06387489277724641	0.0204779490193876	0.01260726433181786
4	Abbes_Voyage_004.txt	Abbes_Voyage	Abbes	1750s	M	2	0.12140898769321187	0.004303020389670261	0.01824695561351392	0.20572655093142034	0.1937413616592544	0.05341781979829549	0.0008401683975141658	0.0031038554872140365	0.0704296187771372	0.0016574794682660686	0.00359886618819051	0.0035611700713328908	0.0250127194560912	0.010204296597992905	0.003378356572057493	0.02785568379122445	0.0017659606184365019	0.06215830737681673	0.10877759704649982	0.08081122406585976
5	Abbes_Voyage_005.txt	Abbes_Voyage	Abbes	1750s	M	2	0.003820725955911225	0.01186192191617233	0.28198239831517524	0.0059973051530654966	0.00573117245052329	0.03977442884004141	0.0006255818426652661	0.11053524769764857	0.10871781685059764	0.02720793907225	0.007008649231050049	0.019967478414577057	0.005637348877196036	0.0032690618039495213	0.08909480978400082	0.11597833936624613	0.001314918415194464	0.028966654221991944	0.0853237875464326	0.0471844142453109
6	Anonym_Suzon_000.txt	Anonym_Suzon	Anonym	1770s	X	autodiegetic	0.08235329853027952	0.06702434402300605	0.025065669967236647	0.00187993149984502	0.0015800457199608721	0.039940940095756286	0.01533892267624815	0.07577421318026728	0.15665227862632686	0.0013906683766895308	0.012775542015288122	0.0907919115509493	0.0014743226908479846	0.06709766837731816	0.0028345290182426692	0.02824964293628949	0.03074968596698642	0.013128437539213106	0.07663323314528615	0.2092647140639624
7	Anonym_Suzon_001.txt	Anonym_Suzon	Anonym	1770s	X	autodiegetic	0.10177854070681404	0.03600025266853294	0.05645766412882356	0.057605913305232265	0.0015065559242741652	0.23343020847247595	0.0006721363252066166	0.016436445238141684	0.03308823823152888	0.0013259867452786315	0.007530218138605375	0.05866236251285814	0.0014057501983194914	0.045372403227625965	0.0027026917202536893	0.0780980199628211	0.001412771872933368	0.05902900141407385	0.09632452232992128	0.11116031687627896
8	Anonym_Suzon_002.txt	Anonym_Suzon	Anonym	1770s	X	autodiegetic	0.025563052272989297	0.056230433097849926	0.14208493037075684	0.05437318329069712	0.00693140506738673	0.10045951972315303	0.02169877523565084	0.09179937564007568	0.09483688082579436	0.0014926010869287447	0.008476413371787617	0.02938464998936541	0.0015823870649031779	0.17149113790050202	0.02398447620551945	0.004142546474394196	0.0015902910346811939	0.01932626675448982	0.12413463409033472	0.02041704050273981
9	Anonym_Suzon_003.txt	Anonym_Suzon	Anonym	1770s	X	autodiegetic	0.09194288436281567	0.12915908717930108	0.013186919206550005	0.01422420408520001	0.01816754311548977	0.06801611338180326	0.05522855932015742	0.01904970736217446	0.04669724047795844	0.0011978462762496395	0.002600869902029295	0.019380204712005567	0.05168963397947343	0.255271575840316	0.0822727524757128	0.003324487642411215	0.001276244678319059	0.007106479324800788	0.11642744101089625	0.0037802056663359
10	Anonym_Suzon_004.txt	Anonym_Suzon	Anonym	1770s	X	autodiegetic	0.14990477034148325	0.09537597968509974	0.049131251903147724	0.007448250035401669	0.0017414464552790556	0.08165487600884029	0.02228206919625464	0.0028702345388550627	0.10276251580202067	0.0015327243284546435	0.030209410008186968	0.01404569726625594	0.007001208526580431	0.14384335588631456	0.03538178235181851	0.009630188664684996	0.11991130251714542	0.0037169303746704494	0.04145099540192779	0.0801050107075782
11	Anonym_Suzon_005.txt	Anonym_Suzon	Anonym	1770s	X	autodiegetic	0.14527245671889238	0.02728774186414664	0.01675497746429169	0.05014286116560489	0.06203961555236421	0.025052321202845063	0.10584734017805457	0.0062099463818934535	0.06523848220607706	0.0011542004190375306	0.022748848597895648	0.02272259857507113	0.0012236302314028837	0.2095333162256676	0.05093513980961172	0.06798014210025011	0.0012297422229522244	0.08376997743248586	0.015019997969146309	0.019836663682309085
12	Anonym_Suzon_006.txt	Anonym_Suzon	Anonym	1770s	X	autodiegetic	0.09115422938995264	0.08297693785972728	0.0310627863000203	0.0014709419791163196	0.03940393736728354	0.027434803197267404	0.18375623209706046	0.005854417891026001	0.00806878881924784	0.0010881207610334825	0.08633143072615007	0.025238460589070973	0.01642063135693089	0.01433255925706928	0.0671028484165531	0.029737304361300582	0.020243157363444002	0.18202665025721915	0.052327720524746116	0.03396804148578059
13	Anonym_Suzon_007.txt	Anonym_Suzon	Anonym	1770s	X	autodiegetic	0.20728211814175865	0.07679640878399598	0.026573416635068958	0.0016683393618772554	0.018718069824088017	0.022458565675288443	0.026599376589794718	0.002311102917942489	0.026467466818021042	0.0055631101163087894	0.13687762296669734	0.01130954683220057	0.0013083830860077927	0.07686148025414964	0.04580515187211842	0.04671488670723422	0.10521009740371227	0.06792734634268613	0.05502102700811491	0.03852648266293441
14	Anonym_Suzon_008.txt	Anonym_Suzon	Anonym	1770s	X	autodiegetic	0.10642965901043673	0.1429759736518545	0.05645766412882356	0.020396966876250863	0.0015065559242741652	0.02878100311307825	0.028578846146942668	0.0024830903272736586	0.03308823823152888	0.005977105048901307	0.021483573049473403	0.07261571742372618	0.0014057501983194914	0.11048805947834343	0.01200492832749904	0.008331245408480972	0.01071500848017872	0.00786670007422442	0.035859984382826504	0.2925539307175633
15	Anonym_Suzon_009.txt	Anonym_Suzon	Anonym	1770s	X	autodiegetic	0.02077682053920863	0.07974452921908882	0.017610543294743732	0.02291635190401325	0.0013783395207983323	0.0390974232096487	0.009125497558016844	0.0022717653401696826	0.18346239142617207	0.0054684197089020035	0.0026340722059770287	0.08771212000568017	0.02256252248986288	0.16065884942506345	0.0024726774164423038	0.011877491362553769	0.0055478189328781605	0.1263450930760782	0.11791373576223485	0.08042353760246715
16	Anonym_Suzon_010.txt	Anonym_Suzon	Anonym	1770s	X	autodiegetic	0.0949200016186494	0.003364188353045785	0.018811250932217787	0.0017517555502440947	0.010563140452018905	0.11903513667081254	0.08701968973551534	0.01606289315629968	0.14142612922717793	0.03765914742482783	0.002813666359458867	0.034602079175755966	0.010464625743875343	0.06252287011420077	0.002641267482588534	0.08541390566984194	0.06956184458437284	0.13495945071824686	0.030499580298312377	0.035907376732537265
17	Anonym_Suzon_011.txt	Anonym_Suzon	Anonym	1770s	X	autodiegetic	0.10041610633193113	0.0794947721216921	0.03100227340932388	0.006996845630648469	0.016787263131021392	0.061554789253335324	0.041133465170900656	0.007746735333442119	0.04603002326183208	0.0014398329096853618	0.0031262927080064444	0.07379988288354633	0.0015264446688807677	0.05936887833890068	0.0029347385993196283	0.00399609433221495	0.11264402632761646	0.008542116803069922	0.059140650339081474	0.2823187684455509
18	Anonym_Suzon_012.txt	Anonym_Suzon	Anonym	1770s	X	autodiegetic	0.014061300667035105	0.018244345549260042	0.025065669967236647	0.00187993149984502	0.02597004495683388	0.039940940095756286	0.0007049231341243446	0.002604215469648241	0.16153027847370147	0.0013906683766895308	0.07131154018378334	0.002987914298206475	0.0014743226908479846	0.33538765998292125	0.046736527644614084	0.11117564034165772	0.0063596867301134105	0.07654243555508293	0.013219235129416331	0.043412719253225936
19	Anonym_Suzon_013.txt	Anonym_Suzon	Anonym	1770s	X	autodiegetic	0.04354169613840026	0.13597965060112885	0.015384716919271553	0.0018891467574394766	0.021195436445204014	0.03523481567386106	0.020316024086013584	0.0026169811030695967	0.09859723776861852	0.025907042161271147	0.003034343849373042	0.017708294900150478	0.006383461060300454	0.101739954792892	0.012652246368848059	0.11172061347714783	0.02109659546167941	0.0475061715684958	0.06720505972160172	0.2102905111452332
20	Anonym_Suzon_014.txt	Anonym_Suzon	Anonym	1770s	X	autodiegetic	0.009507959597933442	0.09969658250702494	0.10675906235432192	0.0019463930343152653	0.016787263131021392	0.0312520736753361	0.005780296996568225	0.007746735333442119	0.0662318336471649	0.0014398329096853618	0.013227197900672857	0.008143999131214665	0.011627349861547176	0.013914804971901838	0.07869152754431769	0.2514682715525419	0.011634974400952385	0.003491664206736719	0.07934246072441427	0.1813097165188869
21	Anonym_Suzon_015.txt	Anonym_Suzon	Anonym	1770s	X	autodiegetic	0.058247430249272425	0.008529954973570026	0.08891338747363241	0.0018891467574394766	0.00648970233433185	0.02052908156298889	0.11345234012153732	0.012420803843651044	0.06428385817658344	0.001397485309817529	0.007936255219663766	0.08143314271392989	0.006383461060300454	0.08703422068201982	0.002848423628266612	0.03329003155249626	0.19756540479214546	0.062211905679367976	0.03779359149985738	0.10735037236912798
22	Anonym_Suzon_016.txt	Anonym_Suzon	Anonym	1770s	X	autodiegetic	0.014199834245600671	0.003645915558209207	0.005608385989742199	0.0018984528048294309	0.001595612515171826	0.015704150546824402	0.010563985063932607	0.017408047921985113	0.13849140130569218	0.001404369404167908	0.01290140814925408	0.012869468523946888	0.0014888478904123755	0.20076230120571248	0.012714572074267292	0.10734489727937356	0.1246477464433564	0.028035955858130842	0.10694458355404207	0.18177006366534848
23	Anonym_Suzon_017.txt	Anonym_Suzon	Anonym	1770s	X	autodiegetic	0.04270436410650148	0.03240414287932489	0.010281215127642443	0.05954455468238229	0.001557256824306994	0.135517770058266	0.04877120383330495	0.0025666550409541287	0.043817063253127536	0.0013706108580208245	0.002975991659949848	0.02698304368613153	0.006260703407424957	0.2488204245979161	0.0027936467923623826	0.08072629272661153	0.0014603166101347415	0.0033237973949086976	0.09956618093593173	0.148554765524797
24	Anonym_Suzon_018.txt	Anonym_Suzon	Anonym	1770s	X	autodiegetic	0.08932493048677964	0.003915980438866001	0.10126087646992617	0.0020390774084394626	0.0017138047488109464	0.022158356023032698	0.10129260524071164	0.0028246757561677448	0.03234906211558801	0.00150839563557107	0.003275162169549989	0.019113699838662436	0.028053870330790827	0.18917868235828314	0.0030744865358877183	0.13646007552513054	0.033352805661833435	0.06185835706688202	0.030211154808237637	0.1370339413808489
25	Anonym_Suzon_019.txt	Anonym_Suzon	Anonym	1770s	X	autodiegetic	0.0985018537276314	0.02235887913362559	0.024238037949314728	0.03955334190829897	0.001527874905084214	0.05277295439353975	0.1280389027758484	0.011952098811160902	0.0524242049840826	0.0013447505266434648	0.002919841418579593	0.017040063838699278	0.006142578073874657	0.16865477911218185	0.002740936986819101	0.08392010527956699	0.15237469579877486	0.01741189097592621	0.008065819807511775	0.10801638959283573
26	Anonym_Suzon_020.txt	Anonym_Suzon	Anonym	1770s	X	autodiegetic	0.05094067420988825	0.014124223249282575	0.0677235805158534	0.0226048625670134	0.0016696349915334586	0.0061235168193458965	0.14507325957957345	0.018215629213529785	0.04182450131043335	0.001469519871486613	0.008345336203933363	0.0340848375378349	0.006712501956959646	0.1946121638768841	0.02361358617507911	0.08139725519249841	0.10981197441648408	0.013872825591511637	0.0758237858729852	0.0819563308478894
27	Anonym_Suzon_021.txt	Anonym_Suzon	Anonym	1770s	X	autodiegetic	0.02465931738693305	0.0037379831766940533	0.09665815716165553	0.006996845630648469	0.0016359053420217824	0.0312520736753361	0.010830749592901428	0.017847640526108526	0.04603002326183208	0.011540738102351771	0.008176745304339648	0.24551527115887525	0.016677802457880378	0.03411661535723465	0.0029347385993196283	0.11005559885521224	0.09749266853861684	0.003491664206736719	0.01873702956841584	0.21161243209688604
28	Anonym_Suzon_022.txt	Anonym_Suzon	Anonym	1770s	X	autodiegetic	0.046749996918802966	0.003895370238574765	0.04283382002233151	0.007291446468636883	0.0017047848214429505	0.032567936219637564	0.2323370152958999	0.013336011063373256	0.05323120945828156	0.00150045679709808	0.0032579246604882107	0.09795961646330224	0.033169320910154385	0.003974483295047891	0.003058305202940177	0.14626807423547725	0.06475587206174074	0.0825851940118619	0.10373556347689904	0.025787598378008803
29	Anonym_Suzon_023.txt	Anonym_Suzon	Anonym	1770s	X	autodiegetic	0.009507959597933442	0.008788435773027256	0.09160770456532233	0.017097750823314876	0.04708997870902063	0.0363025262716693	0.09668844373056587	0.0026962827371089138	0.15208952778482934	0.026692095891351384	0.0031262927080064444	0.14955667182854435	0.0015264446688807677	0.02906616276090145	0.013035643791986035	0.18581238780021028	0.0217358795936188	0.003491664206736719	0.028837934761082238	0.07525021199588955
30	Anonym_Suzon_024.txt	Anonym_Suzon	Anonym	1770s	X	autodiegetic	0.05964107826345104	0.008056073097756591	0.046937117435554426	0.12215341955042865	0.04779543672989686	0.01938858788981718	0.10714949234346556	0.002471594648166436	0.06534215227643657	0.0013198479761985355	0.012124941903012587	0.03061326676573429	0.05695426879970782	0.035903176698081976	0.002690179377709993	0.09162521515839256	0.015294987985229606	0.12356991935112012	0.04958272417772803	0.10138651957211116
31	Anonym_Suzon_025.txt	Anonym_Suzon	Anonym	1770s	X	autodiegetic	0.06076637071139139	0.008208073002535581	0.061973520965554765	0.10087350180968904	0.001527874905084214	0.005603600623239702	0.11388809664475838	0.007235163434130898	0.14204597714765269	0.015495556657733478	0.002919841418579593	0.035907805346819296	0.020293384204964668	0.19695639137436188	0.026325613871969127	0.017883010001146928	0.06275292363520475	0.05986430936919625	0.0033488844304817703	0.05613010044550566
32	Anonym_Suzon_026.txt	Anonym_Suzon	Anonym	1770s	X	autodiegetic	0.08752966221541338	0.010960423266035696	0.028553820680517237	0.17354013179789532	0.029295409511023395	0.012751794529330987	0.0005780380137058263	0.010135394735597728	0.04445579137259141	0.0811396920742434	0.0064759962709543895	0.12644907416527085	0.005208913886723479	0.10301979258338843	0.006324285089136921	0.04716455161865829	0.00121498543766226	0.17476398921031874	0.03483959496268769	0.015598658578844574
33	Anonym_Suzon_027.txt	Anonym_Suzon	Anonym	1770s	X	autodiegetic	0.03031743541177861	0.002846625007712697	0.008224988365560446	0.001482256827923954	0.05509153588348526	0.004569097921208008	0.0159402996613014	0.009745574944378391	0.008130855934638321	0.1203263170531732	0.013919168312850965	0.1215856867021404	0.0011624492037357738	0.1759799927229193	0.01761941555609951	0.15688812409731348	0.020398872726937887	0.11035049909506392	0.12196045993192745	0.003460344639851007
34	Anonym_Suzon_028.txt	Anonym_Suzon	Anonym	1770s	X	autodiegetic	0.07007534042794135	0.002483635061981293	0.02059889774801661	0.14894323332681084	0.021221036852939777	0.03754328070557058	0.013907658026621398	0.001791496116047579	0.0138054056163256	0.08820439090761391	0.008788571517042248	0.01547817699906899	0.004369899990128086	0.16025110890396535	0.0019499337847385593	0.026144903121474355	0.08491132296430164	0.059366559093491776	0.13660969616477606	0.08355545267114403
35	Anonym_Suzon_029.txt	Anonym_Suzon	Anonym	1770s	X	autodiegetic	0.04336681157617642	0.0027011781062312337	0.055249636028934256	0.023304167517976728	0.11796959863166193	0.015284465051318153	0.0005274073268071481	0.0019484143061684878	0.04786109795750799	0.09228065732807733	0.046054444077535464	0.21026312475618544	0.004752662080047162	0.06479936767757502	0.002120729622706573	0.053982203958422084	0.008407779444906201	0.07551533358014655	0.09748091212734657	0.03613000884426932
36	Anonym_Suzon_030.txt	Anonym_Suzon	Anonym	1770s	X	autodiegetic	0.014016486385919995	0.0532130647173661	0.05826135046402123	0.2143860973011284	0.00116935096447267	0.018729012059838058	0.01857210288738937	0.019977720013718742	0.032902424555568244	0.02629976820680088	0.02389517417450007	0.05997258211510264	0.011921352592017764	0.05687741167740381	0.002097761602360416	0.10032862301885476	0.06607802517259635	0.11801846207960788	0.0819848440055788	0.021298386005753855
37	Anonym_Suzon_031.txt	Anonym_Suzon	Anonym	1770s	X	autodiegetic	0.031913076622390554	0.04348193902078976	0.07748321680170338	0.062288509033087226	0.03369977052823876	0.008858124046201952	0.097750241599733	0.0062099463818934535	0.016655890736147712	0.0011542004190375306	0.01060320073041331	0.006528401418428013	0.11053446103874393	0.003057302478467882	0.0064010976288431465	0.06798014210025011	0.2036572066809912	0.0027989916492702875	0.18505906811389905	0.023885212971469862
38	Anonym_Suzon_032.txt	Anonym_Suzon	Anonym	1770s	X	autodiegetic	0.0621538851413971	0.09270401079344734	0.007160372102890266	0.17223292853869174	0.09008633563009599	0.013760670173873286	0.019776541024896	0.009646853387124643	0.025874126132888302	0.1087098510838294	0.06678537764423484	0.04787691899260962	0.00190085078299788	0.0990877750426696	0.016233024500682775	0.01755470940485466	0.00819957230231883	0.10497572841246301	0.01704361847129368	0.018236850436741087
39	Anonym_Suzon_033.txt	Anonym_Suzon	Anonym	1770s	X	autodiegetic	0.029412543025275868	0.07581184809311046	0.06469393525787705	0.057202017911151475	0.0013842298088658773	0.0691787717689663	0.004891028350612904	0.04928960754622703	0.05604241032488229	0.005491788818525312	0.002645328825880761	0.019711487351265846	0.01411200924378864	0.28954942119591537	0.0024832443210845807	0.016201716144077758	0.001298060634943785	0.21235435897623287	0.011580968250082157	0.016665224151233667
40	Anonyme_Etourdi_000.txt	Anonyme_Etourdi	Anonyme	1780s	U	2	0.051439349658981885	0.01186192191617233	0.03956031400863368	0.010326270944253741	0.0014022066593350475	0.282196513146583	0.0006255818426652661	0.019626966082695457	0.12603368001535062	0.001234144325120548	0.011337615022238292	0.015638512623388813	0.0013083830860077927	0.11582217237484382	0.006844459751424236	0.0337279893336695	0.005643884206382706	0.16316459374882747	0.05934999279930316	0.042855448454122654
41	Anonyme_Etourdi_001.txt	Anonyme_Etourdi	Anonyme	1780s	U	2	0.023250227334830655	0.013048102492061422	0.0578018810638224	0.001835171664351945	0.0015424259521646432	0.0961322722182105	0.0006881394143338791	0.054922650389677585	0.11006577581189744	0.0537379969921798	0.002947649159781284	0.017202348571791853	0.0014392201133809313	0.03216711357026479	0.002767040892974622	0.11805234346928012	0.001446408969086581	0.32709849541244496	0.060523075829858886	0.02333166067760575
42	Anonyme_Etourdi_002.txt	Anonyme_Etourdi	Anonyme	1780s	U	2	0.011393565702628368	0.014782995872086688	0.008452555363909254	0.005475804596007816	0.02894803593718152	0.05607849618102592	0.00847625794961591	0.037682972466815734	0.09135909640143608	0.0011268282995701446	0.014304280511395881	0.006373578927802621	0.005147148611451091	0.014842408999523491	0.01020183121882915	0.1335611076513353	0.0012005786128152555	0.3624134838484008	0.17276527709688394	0.015413695751285069
43	Anonyme_Etourdi_003.txt	Anonyme_Etourdi	Anonyme	1780s	U	2	0.040192366062951485	0.12551977480851556	0.0820739597713011	0.019843208222454545	0.001465654334074187	0.15469527934309305	0.0006538884499773149	0.03408959015230996	0.1000625949836504	0.010339676987191937	0.0028009349559377865	0.011821286270948356	0.01946696448384937	0.08938903247337257	0.07955167730738946	0.02620443894917564	0.0058992612059198144	0.17959722788841587	0.012262195337647944	0.004070988011823691
44	Anonyme_Etourdi_004.txt	Anonyme_Etourdi	Anonyme	1780s	U	2	0.03341032449872798	0.08611626826903168	0.2822229782333427	0.001870805709877768	0.011281016617372302	0.088290258701034	0.00070150121132258	0.02200885566457397	0.03938814691469815	0.00623823809956656	0.017567845912980506	0.00782773047750651	0.01117580680172409	0.027937391009242224	0.027092371670243216	0.16888780382885235	0.0014744942997695785	0.12956839924446448	0.013155064725692202	0.023784698109977208
45	Anonyme_Etourdi_005.txt	Anonyme_Etourdi	Anonyme	1780s	U	2	0.004030078836963295	0.030776552812476193	0.05086031643048933	0.015458255865436919	0.0014790391794764141	0.12414483817265401	0.0006598599779220512	0.15768742124561838	0.119241068731085	0.0013017680367082135	0.007392681199250647	0.002796907871801702	0.005946241805544038	0.03997752414683192	0.0026533279514516467	0.21365660056911406	0.010519302400434704	0.14014186530007794	0.05346968232471964	0.017806667141943802
46	Anonyme_Etourdi_006.txt	Anonyme_Etourdi	Anonyme	1780s	U	2	0.058824131608430114	0.02346574306997627	0.025437928602762044	0.0019078509903644528	0.001603511506614458	0.08508811820497958	0.0007153921830028473	0.13630489715126332	0.12432566136621205	0.0014113216571744107	0.017915720508379158	0.05748717998490418	0.02129799695807908	0.023540156388761408	0.002876625555301818	0.0187682985133917	0.031206359822337864	0.3004492021739856	0.03321733701356177	0.034156566740518
47	Anonyme_Etourdi_007.txt	Anonyme_Etourdi	Anonyme	1780s	U	2	0.020092815775000692	0.007160961439728837	0.0088003942047785	0.03450748502483384	0.005448153983867814	0.15715082998001648	0.0005946891735984914	0.031003315927497718	0.243265592608114	0.04644030607235669	0.05192965265539862	0.010751055418680908	0.0012437721223704874	0.003107628019301966	0.002391273087516992	0.015601657661297485	0.021825942281187168	0.06868812938543144	0.2416027717929964	0.028393573386025564
48	Anonyme_Etourdi_008.txt	Anonyme_Etourdi	Anonyme	1780s	U	2	0.10130734824509978	0.0034264875442400625	0.0237891896679718	0.0017841951589989047	0.0014995811947315807	0.0888323711925651	0.0006690246125854464	0.01636035130871602	0.22737764664951504	0.0013198479761985355	0.058420797438177866	0.02598368121221777	0.0060288277110260285	0.0220144200375324	0.09991147600155707	0.017551846302128124	0.0014062313246800213	0.07727406381595486	0.2208773896578396	0.00416522294826408
49	Anonyme_Etourdi_009.txt	Anonyme_Etourdi	Anonyme	1780s	U	2	0.04670600645938229	0.003176488513573124	0.013469897807862155	0.0874901712686676	0.005681978271396986	0.01368217475994226	0.0006202120888335822	0.01945849575772908	0.05628293356824938	0.014098973748588275	0.02840752775526175	0.002628854804784261	0.005588960043522581	0.2049559593166332	0.053995593301936914	0.07635655739575369	0.02276266973394693	0.07163609175265108	0.2562637055641417	0.01673674808714324
50	Anonyme_Etourdi_010.txt	Anonyme_Etourdi	Anonyme	1780s	U	2	0.041875039998318604	0.020085114627868137	0.026010425425659296	0.001632993496949617	0.001372499149991311	0.06435526488629277	0.0006123281055555994	0.010736641726585805	0.013194966648275049	0.0012079974274247232	0.0026229109803259905	0.0025954374501497503	0.005517914560343894	0.15150359509352845	0.002462200061059062	0.07114868043588797	0.0224733162840937	0.5241113512395686	0.015720076519971638	0.020761245882150062
51	Anonyme_Etourdi_011.txt	Anonyme_Etourdi	Anonyme	1780s	U	2	0.00343419646182164	0.002879853827519077	0.11726954370442436	0.0014995592983611953	0.0012603503113802095	0.02018651106351595	0.0005622939136310137	0.013750355058247258	0.00433474844145206	0.0011092902562532593	0.0529918420659093	0.006274380049533385	0.016740096336797745	0.19359829524151811	0.0022610102262400717	0.05366196320296443	0.0284190288563284	0.4151381439253864	0.05334576141614342	0.011282776342572695
52	Anonyme_Etourdi_012.txt	Anonyme_Etourdi	Anonyme	1780s	U	2	0.00892216684850884	0.04142200556518357	0.010135038138166179	0.04921937728430671	0.0015351159478062641	0.015108738319581637	0.00542416842500315	0.030965904489649882	0.005279755479184383	0.0013511236897745054	0.04084800181968388	0.0360779828605059	0.006171689534576345	0.34006853398382497	0.007493217386025022	0.07957853671763268	0.0014395540170850393	0.04593015280072437	0.20241494849714786	0.07061398819562882
53	Anonyme_Etourdi_013.txt	Anonyme_Etourdi	Anonyme	1780s	U	2	0.021045483940626226	0.029052019880696837	0.04370010354649776	0.15683218667358678	0.0013961627186869195	0.07839574844753164	0.0006228853931066762	0.002301141355732833	0.02204307729927173	0.07881434396761815	0.04577119939534015	0.01988141246015653	0.018543970038829842	0.175667235996219	0.04560771762271551	0.003410465008995811	0.0013092507136430148	0.007290265954126653	0.2271961343621009	0.021119195224517082
54	Anonyme_Etourdi_014.txt	Anonyme_Etourdi	Anonyme	1780s	U	2	0.01710379022053335	0.016476187108813656	0.1371728273226157	0.01050823001733771	0.01904790066558917	0.10214874358301168	0.0006366052113957638	0.08605150910734234	0.026933849673466816	0.0012558911646779333	0.0071321485392259795	0.12604523952324795	0.0013314380857123286	0.003326665895388927	0.0025598194434451643	0.029917063317172667	0.0013380885738414215	0.03388232165872685	0.3379263236238002	0.03920535726465442
55	Anonyme_Etourdi_015.txt	Anonyme_Etourdi	Anonyme	1780s	U	2	0.016382117570184634	0.07485221277306005	0.1398237398768151	0.022722966646106627	0.014024826078960663	0.03454811734016011	0.0006097444650810523	0.06976255723431539	0.004700546823682232	0.0012029004360922552	0.006831216612874077	0.1840175112050022	0.0012752597509863974	0.11288999092163984	0.01089055646432605	0.020216005580548767	0.1278628097739811	0.06198830893840996	0.015653747658710034	0.07974486384906349
56	Anonyme_Etourdi_016.txt	Anonyme_Etourdi	Anonyme	1780s	U	2	0.02673882075568108	0.003364188353045785	0.02790207504728024	0.01084257966530654	0.0014723163369564606	0.005399835232531997	0.041565569160203125	0.0024266569837060143	0.014154591616303716	0.0012958509645780516	0.002813666359458867	0.04369290329081841	0.0013738016288129	0.06706828217173197	0.002641267482588534	0.5172280511353081	0.13774302544734116	0.030414973395028726	0.053226640585968495	0.00863490438734992
57	Anonyme_Etourdi_017.txt	Anonyme_Etourdi	Anonyme	1780s	U	2	0.032464758449211366	0.06481129752689563	0.08555819785070477	0.011251729646118943	0.001527874905084214	0.08579150203274978	0.0006816475960382787	0.002518228057100893	0.12317823563953265	0.015495556657733478	0.017070647549669606	0.05477554685493932	0.020293384204964668	0.060165265440491764	0.007457872363849104	0.013166074624116923	0.001432763733814705	0.14948608153276632	0.23447871790495198	0.018394617429265632
58	Anonyme_Etourdi_018.txt	Anonyme_Etourdi	Anonyme	1780s	U	2	0.04916663902938232	0.003682192953802853	0.015614337210608254	0.011867489645308356	0.001611489094182749	0.060636070454953325	0.0007189513116789022	0.10215750968372174	0.16971985196908254	0.0014183430861200036	0.013029779056279549	0.008022448148965983	0.001503662145717231	0.038582490830602605	0.007866010456849098	0.03378689261167616	0.06618712810172209	0.10294101990958614	0.3070116369981956	0.004476057301564616
59	Anonyme_Etourdi_019.txt	Anonyme_Etourdi	Anonyme	1780s	U	2	0.02926634511721893	0.04348278077812962	0.03053955764473078	0.001917342689226669	0.0513622238745912	0.12531202566948432	0.0007189513116789022	0.002656040122904844	0.2294207337055727	0.0014183430861200036	0.003079632100197859	0.012997521627006826	0.01145380910179892	0.0037569764843166905	0.012841083934889943	0.028811819133635317	0.006486246365231953	0.1327914607778312	0.262235975695828	0.009451130779605459
60	Anonyme_Etourdi_020.txt	Anonyme_Etourdi	Anonyme	1780s	U	2	0.008149691747099468	0.0291777850809253	0.01358651926150423	0.03197109990019496	0.0014022066593350475	0.005142702510535472	0.00495454763385351	0.0239559318738837	0.1346916115977271	0.001234144325120548	0.002679683439861807	0.028625409996953538	0.01862424625076077	0.04655871971583195	0.002515493960235993	0.0034252287953517985	0.06192043949182986	0.2280990806166511	0.27146931656752704	0.08181614057481684
61	Anonyme_Etourdi_021.txt	Anonyme_Etourdi	Anonyme	1780s	U	2	0.03308907455465144	0.017981208551549832	0.08720353154244277	0.006660462147207061	0.015980191152082057	0.005711361108290456	0.024732979953679842	0.05545074757612936	0.13516231399570294	0.0013706108580208245	0.007783636435874868	0.0029448198065064233	0.0014530586314999356	0.0036305410257400014	0.0027936467923623826	0.05668806884698641	0.0014603166101347415	0.10428433768933416	0.2389878794377573	0.1966312132840472
62	Anonyme_Etourdi_022.txt	Anonyme_Etourdi	Anonyme	1780s	U	2	0.010400962231984577	0.053812252455911314	0.02838925695328105	0.002129201352823485	0.0017895521643958797	0.15573289834822004	0.0007983925429931152	0.002949521884960172	0.3100187940893431	0.001575064298470606	0.003419919073822239	0.0033840973282198484	0.0016698107713555939	0.03179610283267936	0.0032103738996645697	0.08724340047032385	0.0016781514195854295	0.09221639257636864	0.05917043483916161	0.1486154204664356
63	Anonyme_Etourdi_023.txt	Anonyme_Etourdi	Anonyme	1780s	U	2	0.029860579424146955	0.05451784895181127	0.08699662429603726	0.0019562730988665726	0.0016442093433689153	0.1938455645929849	0.010885727443330571	0.04839477160400415	0.15286154778572328	0.0014471416298872876	0.03359869691205858	0.0031092496528634128	0.006610282182022663	0.019061526906288984	0.002949635594063905	0.08015771602221354	0.006617945424269574	0.22178122139447412	0.018832140400797552	0.02487129734078645
64	Anonyme_Etourdi_024.txt	Anonyme_Etourdi	Anonyme	1780s	U	2	0.07456545640326842	0.16309761951313484	0.2166106499696616	0.0018093244256669817	0.0015207018527172169	0.1370314228140435	0.0006784474034793528	0.007201195858628411	0.15076868177290986	0.0013384372048420125	0.10149673081597094	0.016960064311352357	0.024892901374862667	0.003545317880796967	0.016812439925251502	0.027188633726927286	0.0014260372084571725	0.04080409756972183	0.0033331621201598124	0.00891867784814736
65	Anonyme_Etourdi_025.txt	Anonyme_Etourdi	Anonyme	1780s	U	2	0.004480133704500051	0.06467002723967002	0.22912712032605995	0.0019562730988665726	0.011796387631227676	0.4324217543576658	0.0007335491554718108	0.023014325884357242	0.06149194319499441	0.0014471416298872876	0.003142162048482301	0.0031092496528634128	0.02183854961381081	0.019061526906288984	0.03340617045764019	0.029396824582919725	0.0015418562803401932	0.023813744781228302	0.02390822954472693	0.009643029908998308
66	Anonyme_Etourdi_026.txt	Anonyme_Etourdi	Anonyme	1780s	U	2	0.10546655892826433	0.10474703510335814	0.2734239980333177	0.0019463930343152653	0.0016359053420217824	0.1575133885836662	0.00072984440023502	0.04309990350777455	0.04097957066549888	0.0014398329096853618	0.03342900828600567	0.003093546534881461	0.0015264446688807677	0.0038138997792354313	0.013035643791986035	0.0646015254882134	0.00658452180461918	0.008542116803069922	0.1096451763024135	0.024745686032557505
67	Anonyme_Etourdi_027.txt	Anonyme_Etourdi	Anonyme	1780s	U	2	0.01822797215142876	0.00347474746625575	0.03351382615118259	0.0018093244256669817	0.0015207018527172169	0.1839793263572432	0.0006784474034793528	0.007201195858628411	0.2493592792136293	0.0013384372048420125	0.016990504438211422	0.026349645019992304	0.006113739957582773	0.003545317880796967	0.0027280688622915838	0.00840947230964739	0.0014260372084571725	0.20512175997092089	0.21459872806455865	0.013613468202467331
68	Anonyme_Etourdi_028.txt	Anonyme_Etourdi	Anonyme	1780s	U	2	0.055011492709934516	0.008056073097756591	0.21360219736214944	0.0341912940336146	0.0014995811947315807	0.06568444342498246	0.0006690246125854464	0.011730765755199492	0.05608298116940353	0.005949433529715063	0.002865770795979532	0.0028357534446351307	0.0013992421575094991	0.07756944667973073	0.021208521591776105	0.05921811628377688	0.0014062313246800213	0.3411604403663969	0.017175625303112334	0.0226835651623302
69	Anonyme_Etourdi_029.txt	Anonyme_Etourdi	Anonyme	1780s	U	2	0.017809903339383225	0.186879559863716	0.0281580549724571	0.00176782655048045	0.0014858236988688689	0.08801740299781168	0.0006628868300018602	0.0024489196818052203	0.05098135056771291	0.001307739393391714	0.012013704953221302	0.03491952644888404	0.05184464480892214	0.06768358170852161	0.002665499065774352	0.04032638516930009	0.0013933302415647696	0.10408781029140947	0.25096079954827993	0.05458524986849335
70	Anonyme_Etourdi_030.txt	Anonyme_Etourdi	Anonyme	1780s	U	2	0.03340053757145822	0.011610612201007751	0.026010425425659296	0.001632993496949617	0.001372499149991311	0.11943953066088528	0.0006123281055555994	0.10395616842205002	0.17844776397205253	0.0012079974274247232	0.044995423114627904	0.0025954374501497503	0.0012806633469137027	0.05828406839806419	0.01941120491477983	0.05843692679559739	0.013998813857233318	0.07919997382939853	0.2318198884049114	0.012286743455289678
71	Anonyme_Etourdi_031.txt	Anonyme_Etourdi	Anonyme	1780s	U	2	0.004435107700399738	0.01879442063520004	0.1313479586969638	0.006961685965688204	0.0016276847971121956	0.04114517710148373	0.0007261768783344387	0.002682733717639391	0.15132526669873989	0.0014325976431987678	0.003110582856741505	0.04327859083410336	0.0015187741719209454	0.0590705453497721	0.0029199913215683425	0.27030491975410104	0.0015263603974537162	0.11905081343260415	0.1141192749104834	0.024621337136491315
72	Anonyme_Etourdi_032.txt	Anonyme_Etourdi	Anonyme	1780s	U	2	0.08991624117147398	0.017809960623250232	0.03399259040787836	0.016120746057918373	0.025351716608108688	0.1008941303493993	0.0006881394143338791	0.007304069077789491	0.06720905263119814	0.039452422598613375	0.002947649159781284	0.11720136932675684	0.0014392201133809313	0.02264339730788717	0.002767040892974622	0.03233889710788153	0.001446408969086581	0.04138700754111643	0.3652819962259427	0.01380794441522813
73	Anonyme_Etourdi_033.txt	Anonyme_Etourdi	Anonyme	1780s	U	2	0.009460181400218924	0.00874427323556167	0.04592170580003764	0.0019366122658690164	0.0016276847971121956	0.036120103401664536	0.0007261768783344387	0.10820928141384233	0.10107452970054803	0.0014325976431987678	0.018185803956199058	0.0030780012355498608	0.05176951117011281	0.01886995575121861	0.0029199913215683425	0.16980344575771728	0.04172694999600721	0.14920125563151926	0.1844703067079521	0.04472163193576807
74	Anonyme_Etourdi_034.txt	Anonyme_Etourdi	Anonyme	1780s	U	2	0.0038373376593678673	0.21191170684049632	0.07451461154245058	0.006023380159724266	0.0014083031555189116	0.1616854015656243	0.0006283017394016798	0.0023211511016577448	0.1048427115712568	0.009935084548640664	0.011386908559861322	0.0026631439087018674	0.0013140716572592381	0.20328148680095187	0.05035209013903336	0.003440120961310863	0.014363997040572559	0.055179318350642416	0.024825736232689587	0.05608513646483779
75	Anonyme_Etourdi_035.txt	Anonyme_Etourdi	Anonyme	1780s	U	2	0.01478238540450519	0.1781526256239004	0.19045190890913347	0.001976337226749466	0.0016610728511024294	0.06250177602432783	0.0007410726572120853	0.007865914620190345	0.021097414759611858	0.0065901349992703185	0.0236869932022928	0.04929449848546285	0.022062532375973342	0.10643559549472532	0.03374879423370098	0.004057572058223746	0.0015576700241389048	0.2035432724095526	0.008768986426544891	0.06102344221338121
76	Anonyme_Etourdi_036.txt	Anonyme_Etourdi	Anonyme	1780s	U	2	0.08682278169217025	0.007598745544016067	0.05300613487136088	0.04535064001220231	0.0014144528957327964	0.09688984981622416	0.0006310453904814281	0.0023312870416479572	0.05289925973670929	0.0056116957945591935	0.0027030865785198717	0.3869507984127933	0.0013198099099095322	0.13866757571401095	0.0025374631425167053	0.051489646333579366	0.010059948342038563	0.0030189977508365807	0.04240123664039085	0.008295544380299915
77	Anonyme_Etourdi_037.txt	Anonyme_Etourdi	Anonyme	1780s	U	2	0.04773025174887065	0.003246147721109323	0.009379362285750512	0.13765397696056264	0.010192507287837995	0.06661332398953497	0.0006338131084588409	0.11637557108733805	0.07944682406304232	0.0012503829197773547	0.002714942114477697	0.02023020602405756	0.010097449204943664	0.007698000740739372	0.0025485922664474072	0.06048732678617224	0.005718145170884125	0.1696974022880917	0.244339771566828	0.003946002665075618
78	Anonyme_Etourdi_038.txt	Anonyme_Etourdi	Anonyme	1780s	U	2	0.01805841124160589	0.017395779454042238	0.00529536278897415	0.08551262312696832	0.010808792531519515	0.02878100311307825	0.009974372932451969	0.01178532693451901	0.2423885618945493	0.0013259867452786315	0.0028790998349827	0.07726683572734884	0.0014057501983194914	0.03141904831675795	0.0027026917202536893	0.026935718622971675	0.001412771872933368	0.17530695900464074	0.16609129688426144	0.0832536070545429
79	Anonyme_Etourdi_039.txt	Anonyme_Etourdi	Anonyme	1780s	U	2	0.004202794810075425	0.03209553501681665	0.014945157883123122	0.09231047615693933	0.0015424259521646432	0.06756112343107762	0.0006881394143338791	0.04539893412729997	0.32434939171539384	0.0013575575491029	0.002947649159781284	0.13148694372032327	0.0014392201133809313	0.046452687963831216	0.007528899024163431	0.0037677483207486867	0.001446408969086581	0.1318623120337038	0.07957050835461411	0.009046086284039322
80	Anonyme_Etourdi_040.txt	Anonyme_Etourdi	Anonyme	1780s	U	2	0.0262613461970763	0.07919627452649937	0.009546849360378942	0.26064666884181914	0.0014460252151624858	0.05887434725140344	0.0006451310957764008	0.02470454787226433	0.08979399378613694	0.03698666882308242	0.002763422778587475	0.07416239314939052	0.0013492696820856466	0.016763953238165947	0.011522591885293284	0.003532266212548238	0.010284498698900371	0.05219307750739769	0.11031135508002103	0.1290153187980101
81	Anonyme_Etourdi_041.txt	Anonyme_Etourdi	Anonyme	1780s	U	2	0.04392224546515026	0.09217750577280592	0.02283763077822506	0.09504530830646	0.02810602143846563	0.02750185911016868	0.0006422638726674263	0.0201503470613504	0.0582840862496101	0.054599900426264975	0.007195544835706456	0.007166728167441936	0.005787676806634276	0.007800639812524564	0.04258220760103923	0.012405375042852496	0.001349982585789972	0.1408491868718064	0.19426475952546526	0.13733073026957102
82	Anonyme_Etourdi_042.txt	Anonyme_Etourdi	Anonyme	1780s	U	2	0.031427081849986244	0.02164421847480188	0.0051986447421177645	0.10221543207334292	0.006045206348313572	0.009990658951725071	0.0006598599779220512	0.002437737505155042	0.04618239402969048	0.0013017680367082135	0.0347896842122736	0.016495409378313175	0.015078576143218354	0.0034481867961346484	0.11224134000354342	0.0036129108026048905	0.0013869680627603884	0.03055385324798616	0.08999901967541689	0.4652910496879853
83	Anonyme_Etourdi_043.txt	Anonyme_Etourdi	Anonyme	1780s	U	2	0.037002792790653063	0.003979140715380049	0.011497259386204328	0.07733995042401083	0.007117731100556684	0.011763175620231115	0.04378720777736516	0.0996433581538524	0.04362338470396677	0.0015327243284546435	0.003327986781798826	0.00866941262097831	0.0016249238813028026	0.014812524399651462	0.1482837599026487	0.052640465826906034	0.0231381789021481	0.0037169303746704494	0.18123439617914616	0.22526469613007416
