0	0	0.13308080139064166	0.003663964461386525	0.16405037886289028	0.08606541007687088	0.036256624071646516	0.005881003770620572	7.153921830028473E-4	0.007593336195429958	0.03521765762755817	0.13012288261300775	0.027816609812674035	0.017883622767724677	0.0014962183494893287	0.04829237964949858	0.022678404163891566	0.06827274503486606	0.001503691909453243	0.008372967697286817	0.00846511375282459	0.19257079560923598
1	1	0.053608302024216195	0.0036459155582092067	0.04994291224068466	0.24820137642117643	0.0015956125151718261	0.05018655985311298	7.118681192787296E-4	0.0026298725050042924	0.06952658269311501	0.02110860329347567	0.003049291204600199	0.06705611171954323	0.021193081779720138	0.01849813772961571	0.007788513601940351	0.12212307269635439	0.09509139560939477	0.0034056634964961387	0.14142699286033064	0.019210134078559447
2	2	0.08429652769010448	0.0033041141125394026	0.018475338820844817	0.04636292179063814	0.037159983057025996	0.0320888788700058	0.009573620556242278	0.011311813681565521	0.19693586731172744	0.010201200441684788	0.002763422778587475	0.06523390368892465	0.005813514412318584	0.016763953238165947	0.002594102424827408	0.1999590343427975	0.0013560092384344912	0.14147797211205645	0.0835258866986234	0.030801934732885443
3	3	0.10593693379861631	0.0034264875442400625	0.01915960411445527	0.31196642724460627	0.0014995811947315807	0.04253651565739982	0.005298610166101975	0.011730765755199492	0.005157540080721724	0.08928197349301256	0.07693913965224398	0.007465338998151659	0.006028827711026027	0.0034960778234662824	0.039726863805842214	0.04995894517674381	0.029183744645779185	0.04023737938782264	0.04958272417772803	0.10138651957211116
4	4	0.17774882619144758	0.007565707815302658	0.05277567547594061	0.34949857001058166	0.0014083031555189114	0.026903997953262558	6.283017394016798E-4	0.0023211511016577448	0.13092943485106875	0.0012395101220366764	0.011386908559861322	0.00701093112200386	0.010009646083863224	0.042413359908778155	0.04600430292573137	0.012135695387914848	0.023059571467176545	0.06387489277724641	0.020477949019387594	0.012607264331817861
5	5	0.12140898769321187	0.004303020389670261	0.01824695561351392	0.20572655093142034	0.1937413616592544	0.053417819798295484	8.401683975141658E-4	0.0031038554872140365	0.0704296187771372	0.0016574794682660686	0.0035988661881905105	0.0035611700713328908	0.025012719456091202	0.010204296597992905	0.003378356572057493	0.02785568379122445	0.0017659606184365019	0.06215830737681672	0.10877759704649982	0.08081122406585976
6	6	0.0038207259559112253	0.01186192191617233	0.28198239831517524	0.005997305153065498	0.00573117245052329	0.03977442884004141	6.255818426652659E-4	0.11053524769764855	0.10871781685059764	0.027207939072250005	0.007008649231050049	0.019967478414577057	0.005637348877196036	0.0032690618039495217	0.08909480978400083	0.11597833936624612	0.001314918415194464	0.028966654221991944	0.0853237875464326	0.0471844142453109
7	7	0.08235329853027952	0.06702434402300605	0.025065669967236647	0.0018799314998450194	0.001580045719960872	0.03994094009575629	0.01533892267624815	0.07577421318026727	0.15665227862632686	0.0013906683766895308	0.012775542015288122	0.0907919115509493	0.0014743226908479846	0.06709766837731816	0.0028345290182426692	0.02824964293628949	0.030749685966986417	0.013128437539213106	0.07663323314528615	0.2092647140639624
8	8	0.10177854070681404	0.03600025266853294	0.056457664128823574	0.057605913305232265	0.0015065559242741652	0.23343020847247595	6.721363252066166E-4	0.016436445238141684	0.03308823823152889	0.0013259867452786317	0.007530218138605375	0.05866236251285814	0.0014057501983194916	0.04537240322762597	0.0027026917202536884	0.0780980199628211	0.001412771872933368	0.059029001414073856	0.09632452232992128	0.11116031687627896
9	9	0.025563052272989297	0.056230433097849926	0.14208493037075684	0.05437318329069712	0.00693140506738673	0.10045951972315305	0.02169877523565084	0.09179937564007569	0.09483688082579435	0.001492601086928745	0.008476413371787617	0.02938464998936541	0.001582387064903178	0.17149113790050202	0.02398447620551945	0.004142546474394196	0.0015902910346811939	0.01932626675448982	0.12413463409033473	0.020417040502739812
10	10	0.09194288436281567	0.12915908717930108	0.013186919206550003	0.014224204085200007	0.01816754311548977	0.06801611338180326	0.05522855932015742	0.01904970736217446	0.04669724047795844	0.0011978462762496397	0.002600869902029295	0.019380204712005574	0.05168963397947343	0.25527157584031596	0.0822727524757128	0.003324487642411215	0.0012762446783190593	0.007106479324800788	0.11642744101089625	0.0037802056663359
11	11	0.14990477034148325	0.09537597968509974	0.049131251903147724	0.007448250035401668	0.0017414464552790551	0.08165487600884029	0.02228206919625464	0.002870234538855063	0.10276251580202068	0.0015327243284546435	0.03020941000818697	0.014045697266255939	0.007001208526580431	0.14384335588631456	0.03538178235181851	0.009630188664684996	0.11991130251714542	0.0037169303746704485	0.04145099540192779	0.0801050107075782
12	12	0.14527245671889238	0.02728774186414664	0.016754977464291693	0.05014286116560489	0.062039615552364216	0.025052321202845066	0.10584734017805456	0.006209946381893453	0.06523848220607706	0.0011542004190375303	0.022748848597895648	0.02272259857507113	0.0012236302314028835	0.2095333162256676	0.050935139809611715	0.06798014210025011	0.0012297422229522246	0.08376997743248586	0.015019997969146307	0.019836663682309085
13	13	0.09115422938995264	0.08297693785972728	0.0310627863000203	0.00147094197911632	0.039403937367283544	0.027434803197267404	0.18375623209706046	0.005854417891026001	0.00806878881924784	0.0010881207610334825	0.08633143072615007	0.025238460589070973	0.016420631356930893	0.014332559257069279	0.0671028484165531	0.029737304361300582	0.020243157363444002	0.18202665025721915	0.05232772052474612	0.03396804148578059
14	14	0.20728211814175865	0.07679640878399598	0.026573416635068958	0.0016683393618772556	0.018718069824088017	0.022458565675288443	0.02659937658979472	0.002311102917942489	0.02646746681802104	0.00556311011630879	0.13687762296669734	0.01130954683220057	0.0013083830860077929	0.07686148025414964	0.04580515187211842	0.04671488670723422	0.10521009740371229	0.06792734634268613	0.05502102700811491	0.03852648266293441
15	15	0.10642965901043672	0.1429759736518545	0.056457664128823574	0.020396966876250863	0.0015065559242741652	0.028781003113078255	0.028578846146942668	0.0024830903272736586	0.03308823823152889	0.005977105048901307	0.021483573049473403	0.07261571742372618	0.0014057501983194916	0.11048805947834343	0.01200492832749904	0.008331245408480972	0.01071500848017872	0.00786670007422442	0.035859984382826504	0.2925539307175633
16	16	0.02077682053920863	0.07974452921908882	0.017610543294743732	0.02291635190401325	0.0013783395207983325	0.0390974232096487	0.009125497558016844	0.0022717653401696826	0.18346239142617207	0.005468419708902005	0.002634072205977029	0.08771212000568018	0.02256252248986288	0.16065884942506345	0.0024726774164423038	0.011877491362553767	0.005547818932878162	0.1263450930760782	0.11791373576223485	0.08042353760246715
17	17	0.0949200016186494	0.003364188353045785	0.018811250932217787	0.0017517555502440947	0.010563140452018904	0.11903513667081254	0.08701968973551534	0.01606289315629968	0.14142612922717793	0.03765914742482783	0.002813666359458867	0.034602079175755966	0.010464625743875345	0.06252287011420077	0.002641267482588534	0.08541390566984194	0.06956184458437284	0.13495945071824683	0.030499580298312377	0.03590737673253726
18	18	0.10041610633193111	0.0794947721216921	0.03100227340932388	0.006996845630648469	0.016787263131021392	0.061554789253335324	0.041133465170900656	0.007746735333442118	0.04603002326183208	0.0014398329096853618	0.0031262927080064444	0.07379988288354632	0.0015264446688807677	0.05936887833890067	0.002934738599319628	0.00399609433221495	0.11264402632761646	0.008542116803069922	0.05914065033908147	0.2823187684455509
19	19	0.014061300667035103	0.018244345549260042	0.025065669967236647	0.0018799314998450194	0.02597004495683388	0.03994094009575629	7.049231341243446E-4	0.0026042154696482413	0.16153027847370147	0.0013906683766895308	0.07131154018378334	0.002987914298206475	0.0014743226908479846	0.33538765998292125	0.046736527644614084	0.11117564034165772	0.0063596867301134105	0.07654243555508293	0.013219235129416331	0.04341271925322594
20	20	0.04354169613840026	0.13597965060112885	0.015384716919271551	0.0018891467574394772	0.02119543644520402	0.03523481567386106	0.020316024086013584	0.002616981103069597	0.09859723776861852	0.025907042161271147	0.003034343849373042	0.017708294900150478	0.006383461060300454	0.101739954792892	0.01265224636884806	0.11172061347714785	0.02109659546167941	0.0475061715684958	0.06720505972160172	0.21029051114523317
21	21	0.009507959597933442	0.09969658250702494	0.10675906235432193	0.0019463930343152653	0.016787263131021392	0.0312520736753361	0.0057802969965682245	0.007746735333442118	0.0662318336471649	0.0014398329096853618	0.013227197900672854	0.008143999131214665	0.011627349861547176	0.013914804971901838	0.07869152754431769	0.2514682715525419	0.011634974400952385	0.003491664206736719	0.07934246072441428	0.18130971651888683
22	22	0.05824743024927243	0.008529954973570026	0.08891338747363241	0.0018891467574394772	0.006489702334331851	0.02052908156298889	0.11345234012153733	0.012420803843651044	0.06428385817658344	0.001397485309817529	0.007936255219663766	0.08143314271392989	0.006383461060300454	0.08703422068201982	0.002848423628266612	0.03329003155249626	0.19756540479214546	0.06221190567936797	0.03779359149985738	0.10735037236912798
23	23	0.014199834245600673	0.0036459155582092067	0.005608385989742199	0.001898452804829431	0.0015956125151718261	0.015704150546824402	0.01056398506393261	0.017408047921985113	0.13849140130569218	0.001404369404167908	0.012901408149254081	0.012869468523946888	0.0014888478904123757	0.20076230120571248	0.012714572074267292	0.10734489727937357	0.12464774644335641	0.02803595585813084	0.10694458355404207	0.18177006366534848
24	24	0.04270436410650148	0.03240414287932489	0.010281215127642445	0.05954455468238229	0.0015572568243069941	0.135517770058266	0.04877120383330495	0.0025666550409541287	0.043817063253127536	0.0013706108580208243	0.0029759916599498477	0.02698304368613153	0.006260703407424957	0.24882042459791606	0.0027936467923623826	0.08072629272661153	0.0014603166101347415	0.0033237973949086976	0.09956618093593171	0.148554765524797
25	25	0.08932493048677964	0.003915980438866001	0.10126087646992615	0.0020390774084394626	0.0017138047488109466	0.022158356023032698	0.10129260524071165	0.002824675756167745	0.03234906211558801	0.00150839563557107	0.003275162169549989	0.01911369983866243	0.028053870330790827	0.18917868235828314	0.0030744865358877183	0.13646007552513054	0.03335280566183343	0.06185835706688203	0.030211154808237634	0.1370339413808489
26	26	0.09850185372763141	0.02235887913362559	0.024238037949314728	0.03955334190829897	0.001527874905084214	0.052772954393539746	0.1280389027758484	0.011952098811160902	0.052424204984082595	0.0013447505266434648	0.002919841418579593	0.017040063838699278	0.0061425780738746565	0.16865477911218185	0.0027409369868191006	0.08392010527956699	0.15237469579877483	0.01741189097592621	0.008065819807511775	0.10801638959283572
27	27	0.05094067420988825	0.014124223249282577	0.0677235805158534	0.022604862567013394	0.0016696349915334583	0.006123516819345898	0.14507325957957343	0.018215629213529785	0.04182450131043335	0.001469519871486613	0.008345336203933363	0.0340848375378349	0.006712501956959646	0.1946121638768841	0.02361358617507911	0.08139725519249841	0.10981197441648409	0.013872825591511637	0.0758237858729852	0.0819563308478894
28	28	0.024659317386933055	0.0037379831766940533	0.09665815716165553	0.006996845630648469	0.0016359053420217826	0.0312520736753361	0.010830749592901428	0.017847640526108526	0.04603002326183208	0.011540738102351771	0.008176745304339648	0.24551527115887525	0.016677802457880378	0.034116615357234654	0.002934738599319628	0.11005559885521224	0.09749266853861685	0.003491664206736719	0.018737029568415834	0.21161243209688604
29	29	0.04674999691880297	0.0038953702385747654	0.04283382002233151	0.007291446468636883	0.0017047848214429505	0.03256793621963756	0.2323370152958999	0.013336011063373256	0.05323120945828156	0.00150045679709808	0.00325792466048821	0.09795961646330224	0.03316932091015438	0.003974483295047891	0.0030583052029401763	0.14626807423547725	0.06475587206174074	0.0825851940118619	0.10373556347689904	0.025787598378008803
30	30	0.009507959597933442	0.008788435773027257	0.09160770456532233	0.017097750823314876	0.047089978709020625	0.0363025262716693	0.09668844373056588	0.0026962827371089138	0.15208952778482937	0.026692095891351384	0.0031262927080064444	0.14955667182854437	0.0015264446688807677	0.02906616276090145	0.013035643791986037	0.18581238780021028	0.021735879593618793	0.003491664206736719	0.028837934761082238	0.07525021199588955
31	31	0.05964107826345104	0.008056073097756591	0.046937117435554426	0.12215341955042863	0.04779543672989686	0.01938858788981718	0.10714949234346557	0.002471594648166436	0.06534215227643658	0.0013198479761985355	0.012124941903012589	0.030613266765734296	0.05695426879970783	0.035903176698081976	0.002690179377709993	0.09162521515839257	0.015294987985229606	0.12356991935112013	0.04958272417772803	0.10138651957211116
32	32	0.06076637071139139	0.008208073002535581	0.06197352096555476	0.10087350180968903	0.001527874905084214	0.005603600623239702	0.11388809664475838	0.007235163434130898	0.14204597714765269	0.015495556657733478	0.002919841418579593	0.035907805346819296	0.02029338420496467	0.19695639137436188	0.026325613871969123	0.017883010001146928	0.06275292363520475	0.059864309369196254	0.0033488844304817703	0.05613010044550566
33	33	0.08752966221541338	0.010960423266035697	0.028553820680517233	0.17354013179789532	0.029295409511023395	0.012751794529330989	5.780380137058263E-4	0.010135394735597728	0.04445579137259141	0.0811396920742434	0.0064759962709543895	0.12644907416527085	0.00520891388672348	0.10301979258338845	0.00632428508913692	0.04716455161865829	0.00121498543766226	0.17476398921031877	0.03483959496268769	0.015598658578844576
34	34	0.030317435411778615	0.002846625007712697	0.008224988365560446	0.001482256827923954	0.05509153588348526	0.004569097921208008	0.0159402996613014	0.009745574944378391	0.008130855934638321	0.1203263170531732	0.013919168312850963	0.12158568670214039	0.0011624492037357738	0.1759799927229193	0.01761941555609951	0.15688812409731348	0.020398872726937887	0.11035049909506393	0.12196045993192746	0.003460344639851007
35	35	0.07007534042794135	0.0024836350619812935	0.020598897748016612	0.14894323332681084	0.021221036852939777	0.03754328070557059	0.013907658026621398	0.001791496116047579	0.0138054056163256	0.08820439090761391	0.008788571517042248	0.01547817699906899	0.004369899990128087	0.16025110890396535	0.0019499337847385591	0.026144903121474355	0.08491132296430164	0.059366559093491776	0.13660969616477606	0.08355545267114403
36	36	0.04336681157617642	0.0027011781062312337	0.055249636028934256	0.023304167517976728	0.11796959863166193	0.015284465051318153	5.274073268071481E-4	0.0019484143061684876	0.04786109795750799	0.09228065732807733	0.046054444077535464	0.21026312475618542	0.004752662080047162	0.06479936767757503	0.002120729622706573	0.05398220395842209	0.008407779444906201	0.07551533358014655	0.09748091212734655	0.03613000884426932
37	37	0.014016486385919997	0.0532130647173661	0.05826135046402123	0.21438609730112837	0.00116935096447267	0.018729012059838058	0.018572102887389377	0.019977720013718742	0.032902424555568244	0.026299768206800876	0.02389517417450007	0.05997258211510263	0.011921352592017764	0.056877411677403816	0.002097761602360416	0.10032862301885476	0.06607802517259635	0.11801846207960787	0.0819848440055788	0.02129838600575386
38	38	0.031913076622390554	0.043481939020789756	0.07748321680170338	0.06228850903308722	0.03369977052823876	0.008858124046201952	0.097750241599733	0.006209946381893453	0.016655890736147712	0.0011542004190375303	0.01060320073041331	0.006528401418428013	0.11053446103874391	0.003057302478467882	0.006401097628843146	0.06798014210025011	0.20365720668099116	0.0027989916492702875	0.18505906811389902	0.023885212971469862
39	39	0.0621538851413971	0.09270401079344734	0.0071603721028902665	0.17223292853869174	0.09008633563009599	0.013760670173873286	0.019776541024896	0.009646853387124645	0.025874126132888302	0.1087098510838294	0.06678537764423484	0.04787691899260962	0.0019008507829978798	0.09908777504266959	0.016233024500682775	0.01755470940485466	0.00819957230231883	0.10497572841246301	0.01704361847129368	0.018236850436741087
40	40	0.029412543025275868	0.07581184809311046	0.06469393525787705	0.057202017911151475	0.0013842298088658773	0.0691787717689663	0.004891028350612904	0.04928960754622703	0.05604241032488229	0.005491788818525312	0.0026453288258807607	0.019711487351265846	0.01411200924378864	0.28954942119591537	0.0024832443210845807	0.01620171614407776	0.001298060634943785	0.21235435897623292	0.011580968250082157	0.01666522415123367
41	41	0.05143934965898189	0.01186192191617233	0.03956031400863368	0.010326270944253741	0.0014022066593350475	0.282196513146583	6.255818426652659E-4	0.019626966082695457	0.12603368001535062	0.001234144325120548	0.011337615022238293	0.015638512623388813	0.0013083830860077929	0.11582217237484382	0.006844459751424236	0.0337279893336695	0.005643884206382706	0.16316459374882747	0.059349992799303156	0.042855448454122654
42	42	0.02325022733483066	0.013048102492061422	0.0578018810638224	0.0018351716643519444	0.0015424259521646432	0.0961322722182105	6.881394143338791E-4	0.054922650389677585	0.11006577581189743	0.0537379969921798	0.0029476491597812834	0.017202348571791853	0.0014392201133809313	0.03216711357026479	0.002767040892974622	0.11805234346928012	0.001446408969086581	0.32709849541244496	0.060523075829858886	0.02333166067760575
43	43	0.011393565702628367	0.014782995872086688	0.008452555363909254	0.005475804596007816	0.028948035937181517	0.05607849618102591	0.00847625794961591	0.037682972466815734	0.09135909640143608	0.0011268282995701446	0.01430428051139588	0.006373578927802621	0.005147148611451091	0.014842408999523491	0.010201831218829152	0.1335611076513353	0.0012005786128152557	0.3624134838484008	0.17276527709688394	0.01541369575128507
44	44	0.04019236606295149	0.12551977480851556	0.0820739597713011	0.01984320822245454	0.001465654334074187	0.15469527934309305	6.538884499773149E-4	0.03408959015230996	0.10006259498365039	0.010339676987191937	0.0028009349559377865	0.011821286270948356	0.01946696448384937	0.08938903247337257	0.07955167730738946	0.026204438949175634	0.0058992612059198144	0.17959722788841587	0.012262195337647944	0.004070988011823691
45	45	0.03341032449872798	0.08611626826903167	0.2822229782333427	0.001870805709877768	0.011281016617372302	0.088290258701034	7.0150121132258E-4	0.022008855664573966	0.03938814691469815	0.00623823809956656	0.017567845912980506	0.00782773047750651	0.01117580680172409	0.027937391009242224	0.027092371670243216	0.16888780382885235	0.0014744942997695783	0.12956839924446448	0.013155064725692202	0.023784698109977215
46	46	0.004030078836963295	0.030776552812476193	0.05086031643048934	0.01545825586543692	0.001479039179476414	0.12414483817265401	6.598599779220513E-4	0.15768742124561838	0.119241068731085	0.0013017680367082137	0.007392681199250647	0.002796907871801702	0.005946241805544038	0.03997752414683191	0.0026533279514516467	0.21365660056911415	0.010519302400434704	0.14014186530007794	0.05346968232471964	0.017806667141943802
47	47	0.058824131608430114	0.02346574306997627	0.025437928602762044	0.0019078509903644532	0.001603511506614458	0.08508811820497957	7.153921830028473E-4	0.13630489715126332	0.12432566136621204	0.0014113216571744107	0.017915720508379165	0.05748717998490417	0.021297996958079077	0.023540156388761408	0.002876625555301818	0.0187682985133917	0.03120635982233786	0.3004492021739856	0.03321733701356177	0.034156566740518
48	48	0.020092815775000692	0.007160961439728837	0.0088003942047785	0.03450748502483384	0.0054481539838678135	0.15715082998001648	5.946891735984914E-4	0.031003315927497718	0.24326559260811398	0.04644030607235669	0.05192965265539862	0.010751055418680907	0.0012437721223704876	0.003107628019301966	0.002391273087516992	0.015601657661297485	0.021825942281187175	0.06868812938543144	0.24160277179299638	0.028393573386025554
49	49	0.10130734824509978	0.0034264875442400625	0.023789189667971795	0.0017841951589989045	0.0014995811947315807	0.0888323711925651	6.690246125854464E-4	0.01636035130871602	0.22737764664951504	0.0013198479761985355	0.05842079743817786	0.02598368121221777	0.006028827711026027	0.022014420037532394	0.09991147600155707	0.017551846302128124	0.0014062313246800211	0.07727406381595486	0.22087738965783957	0.00416522294826408
50	50	0.046706006459382284	0.003176488513573124	0.013469897807862155	0.0874901712686676	0.0056819782713969855	0.01368217475994226	6.20212088833582E-4	0.019458495757729077	0.05628293356824939	0.014098973748588277	0.028407527755261747	0.0026288548047842617	0.005588960043522581	0.20495595931663319	0.05399559330193691	0.07635655739575369	0.02276266973394693	0.07163609175265108	0.2562637055641417	0.01673674808714324
51	51	0.041875039998318604	0.020085114627868137	0.026010425425659296	0.001632993496949617	0.001372499149991311	0.06435526488629277	6.123281055555994E-4	0.010736641726585804	0.013194966648275047	0.001207997427424723	0.0026229109803259905	0.0025954374501497503	0.005517914560343894	0.15150359509352843	0.002462200061059062	0.07114868043588797	0.0224733162840937	0.5241113512395686	0.015720076519971635	0.020761245882150062
52	52	0.00343419646182164	0.002879853827519077	0.11726954370442438	0.0014995592983611953	0.0012603503113802097	0.02018651106351595	5.622939136310136E-4	0.013750355058247258	0.00433474844145206	0.0011092902562532593	0.0529918420659093	0.006274380049533384	0.016740096336797745	0.19359829524151817	0.002261010226240072	0.05366196320296443	0.028419028856328396	0.41513814392538634	0.05334576141614342	0.011282776342572697
53	53	0.00892216684850884	0.04142200556518356	0.010135038138166179	0.049219377284306705	0.0015351159478062641	0.015108738319581635	0.00542416842500315	0.03096590448964988	0.005279755479184383	0.0013511236897745054	0.04084800181968388	0.0360779828605059	0.006171689534576345	0.340068533983825	0.007493217386025023	0.07957853671763267	0.0014395540170850391	0.04593015280072437	0.20241494849714786	0.07061398819562882
54	54	0.021045483940626223	0.02905201988069684	0.043700103546497754	0.15683218667358678	0.0013961627186869195	0.07839574844753164	6.228853931066762E-4	0.0023011413557328334	0.02204307729927173	0.07881434396761815	0.04577119939534015	0.019881412460156535	0.018543970038829852	0.175667235996219	0.04560771762271551	0.003410465008995811	0.0013092507136430148	0.007290265954126653	0.22719613436210087	0.02111919522451708
55	55	0.01710379022053335	0.016476187108813656	0.1371728273226157	0.01050823001733771	0.019047900665589167	0.10214874358301168	6.366052113957636E-4	0.08605150910734234	0.026933849673466816	0.0012558911646779333	0.007132148539225979	0.12604523952324795	0.0013314380857123282	0.003326665895388927	0.0025598194434451643	0.029917063317172667	0.0013380885738414217	0.03388232165872685	0.3379263236238002	0.03920535726465442
56	56	0.016382117570184634	0.07485221277306005	0.1398237398768151	0.022722966646106627	0.014024826078960662	0.03454811734016011	6.097444650810524E-4	0.06976255723431539	0.004700546823682232	0.0012029004360922552	0.006831216612874077	0.1840175112050022	0.001275259750986397	0.11288999092163984	0.01089055646432605	0.020216005580548774	0.1278628097739811	0.06198830893840998	0.015653747658710034	0.07974486384906349
57	57	0.026738820755681073	0.003364188353045785	0.027902075047280234	0.010842579665306539	0.0014723163369564606	0.005399835232531997	0.041565569160203125	0.0024266569837060143	0.014154591616303716	0.0012958509645780514	0.002813666359458867	0.04369290329081841	0.0013738016288129	0.06706828217173198	0.002641267482588534	0.5172280511353081	0.13774302544734116	0.030414973395028723	0.053226640585968495	0.00863490438734992
58	58	0.032464758449211366	0.06481129752689563	0.08555819785070477	0.011251729646118943	0.001527874905084214	0.08579150203274978	6.816475960382787E-4	0.002518228057100893	0.12317823563953266	0.015495556657733478	0.017070647549669606	0.054775546854939315	0.02029338420496467	0.060165265440491764	0.007457872363849104	0.013166074624116925	0.001432763733814705	0.14948608153276632	0.23447871790495198	0.01839461742926563
59	59	0.049166639029382314	0.003682192953802853	0.015614337210608254	0.011867489645308357	0.001611489094182749	0.06063607045495333	7.189513116789024E-4	0.10215750968372174	0.16971985196908257	0.0014183430861200036	0.013029779056279549	0.008022448148965983	0.001503662145717231	0.038582490830602605	0.007866010456849098	0.03378689261167616	0.06618712810172209	0.10294101990958614	0.30701163699819556	0.004476057301564616
60	60	0.029266345117218935	0.04348278077812961	0.030539557644730785	0.0019173426892266693	0.0513622238745912	0.12531202566948432	7.189513116789024E-4	0.002656040122904844	0.2294207337055727	0.0014183430861200036	0.0030796321001978584	0.012997521627006826	0.01145380910179892	0.0037569764843166905	0.012841083934889945	0.028811819133635317	0.0064862463652319525	0.1327914607778312	0.26223597569582796	0.00945113077960546
61	61	0.008149691747099468	0.0291777850809253	0.01358651926150423	0.031971099900194956	0.0014022066593350475	0.005142702510535472	0.004954547633853509	0.0239559318738837	0.1346916115977271	0.001234144325120548	0.0026796834398618067	0.02862540999695354	0.018624246250760767	0.04655871971583195	0.0025154939602359937	0.0034252287953517985	0.06192043949182986	0.2280990806166511	0.27146931656752704	0.08181614057481684
62	62	0.03308907455465144	0.01798120855154983	0.08720353154244277	0.00666046214720706	0.015980191152082057	0.005711361108290456	0.024732979953679842	0.05545074757612936	0.13516231399570294	0.0013706108580208243	0.007783636435874869	0.0029448198065064233	0.0014530586314999354	0.0036305410257400023	0.0027936467923623826	0.05668806884698641	0.0014603166101347415	0.10428433768933415	0.23898787943775734	0.1966312132840472
63	63	0.010400962231984575	0.05381225245591131	0.028389256953281046	0.0021292013528234855	0.0017895521643958795	0.15573289834822004	7.983925429931151E-4	0.0029495218849601716	0.3100187940893431	0.001575064298470606	0.003419919073822239	0.0033840973282198484	0.0016698107713555939	0.03179610283267936	0.0032103738996645697	0.08724340047032385	0.0016781514195854297	0.09221639257636864	0.05917043483916161	0.1486154204664356
64	64	0.029860579424146955	0.05451784895181127	0.08699662429603726	0.0019562730988665726	0.0016442093433689155	0.1938455645929849	0.010885727443330573	0.04839477160400415	0.15286154778572328	0.0014471416298872878	0.033598696912058586	0.003109249652863413	0.006610282182022663	0.019061526906288984	0.0029496355940639048	0.08015771602221354	0.0066179454242695735	0.22178122139447418	0.018832140400797552	0.02487129734078645
65	65	0.07456545640326843	0.16309761951313484	0.21661064996966156	0.0018093244256669819	0.001520701852717217	0.1370314228140435	6.784474034793528E-4	0.007201195858628411	0.15076868177290986	0.0013384372048420123	0.10149673081597094	0.016960064311352357	0.024892901374862667	0.0035453178807969667	0.016812439925251502	0.027188633726927286	0.0014260372084571723	0.04080409756972183	0.0033331621201598124	0.00891867784814736
66	66	0.004480133704500051	0.06467002723967002	0.22912712032605995	0.0019562730988665726	0.011796387631227676	0.43242175435766583	7.335491554718107E-4	0.02301432588435724	0.061491943194994424	0.0014471416298872878	0.0031421620484823015	0.003109249652863413	0.021838549613810807	0.019061526906288984	0.03340617045764019	0.029396824582919732	0.0015418562803401932	0.023813744781228306	0.023908229544726933	0.009643029908998308
67	67	0.10546655892826431	0.10474703510335814	0.2734239980333177	0.0019463930343152653	0.0016359053420217826	0.1575133885836662	7.2984440023502E-4	0.04309990350777455	0.04097957066549888	0.0014398329096853618	0.03342900828600567	0.003093546534881461	0.0015264446688807677	0.0038138997792354305	0.013035643791986037	0.0646015254882134	0.00658452180461918	0.008542116803069922	0.1096451763024135	0.024745686032557505
68	68	0.01822797215142876	0.00347474746625575	0.03351382615118259	0.0018093244256669819	0.001520701852717217	0.1839793263572432	6.784474034793528E-4	0.007201195858628411	0.2493592792136293	0.0013384372048420123	0.016990504438211422	0.026349645019992304	0.006113739957582773	0.0035453178807969667	0.0027280688622915833	0.00840947230964739	0.0014260372084571723	0.20512175997092089	0.21459872806455862	0.013613468202467333
69	69	0.055011492709934516	0.008056073097756591	0.21360219736214944	0.0341912940336146	0.0014995811947315807	0.06568444342498246	6.690246125854464E-4	0.011730765755199492	0.05608298116940353	0.005949433529715063	0.002865770795979532	0.002835753444635131	0.0013992421575094987	0.07756944667973072	0.021208521591776105	0.05921811628377687	0.0014062313246800211	0.3411604403663969	0.017175625303112334	0.022683565162330194
70	70	0.017809903339383225	0.186879559863716	0.0281580549724571	0.00176782655048045	0.001485823698868869	0.08801740299781168	6.628868300018604E-4	0.0024489196818052203	0.05098135056771291	0.001307739393391714	0.012013704953221302	0.03491952644888404	0.05184464480892214	0.06768358170852161	0.0026654990657743517	0.04032638516930009	0.0013933302415647692	0.10408781029140947	0.25096079954827993	0.05458524986849335
71	71	0.03340053757145822	0.011610612201007753	0.026010425425659296	0.001632993496949617	0.001372499149991311	0.11943953066088527	6.123281055555994E-4	0.10395616842205002	0.17844776397205253	0.001207997427424723	0.044995423114627904	0.0025954374501497503	0.0012806633469137027	0.058284068398064194	0.01941120491477983	0.05843692679559739	0.013998813857233318	0.07919997382939852	0.2318198884049114	0.012286743455289678
72	72	0.004435107700399738	0.01879442063520004	0.1313479586969638	0.006961685965688203	0.0016276847971121954	0.04114517710148373	7.261768783344387E-4	0.002682733717639391	0.15132526669873989	0.0014325976431987678	0.0031105828567415048	0.043278590834103355	0.0015187741719209457	0.059070545349772095	0.0029199913215683425	0.27030491975410104	0.0015263603974537162	0.11905081343260414	0.11411927491048339	0.024621337136491315
73	73	0.08991624117147398	0.017809960623250232	0.03399259040787836	0.016120746057918373	0.025351716608108688	0.1008941303493993	6.881394143338791E-4	0.00730406907778949	0.06720905263119814	0.039452422598613375	0.0029476491597812834	0.11720136932675684	0.0014392201133809313	0.02264339730788717	0.002767040892974622	0.03233889710788154	0.001446408969086581	0.04138700754111643	0.3652819962259427	0.01380794441522813
74	74	0.009460181400218924	0.008744273235561668	0.04592170580003764	0.0019366122658690164	0.0016276847971121954	0.03612010340166454	7.261768783344387E-4	0.10820928141384231	0.10107452970054803	0.0014325976431987678	0.018185803956199065	0.0030780012355498616	0.05176951117011281	0.01886995575121861	0.0029199913215683425	0.16980344575771728	0.04172694999600721	0.14920125563151926	0.18447030670795203	0.04472163193576806
75	75	0.0038373376593678673	0.21191170684049632	0.07451461154245057	0.006023380159724266	0.0014083031555189114	0.1616854015656243	6.283017394016798E-4	0.0023211511016577448	0.1048427115712568	0.009935084548640663	0.011386908559861322	0.0026631439087018674	0.0013140716572592381	0.20328148680095187	0.05035209013903336	0.003440120961310863	0.01436399704057256	0.05517931835064242	0.024825736232689587	0.05608513646483779
76	76	0.014782385404505192	0.1781526256239004	0.19045190890913347	0.001976337226749466	0.0016610728511024294	0.06250177602432783	7.410726572120851E-4	0.007865914620190345	0.02109741475961186	0.0065901349992703185	0.0236869932022928	0.04929449848546285	0.022062532375973345	0.10643559549472532	0.03374879423370098	0.004057572058223746	0.0015576700241389048	0.2035432724095526	0.00876898642654489	0.06102344221338121
77	77	0.08682278169217025	0.007598745544016067	0.053006134871360876	0.04535064001220231	0.0014144528957327964	0.09688984981622417	6.310453904814281E-4	0.002331287041647958	0.05289925973670929	0.0056116957945591935	0.0027030865785198717	0.38695079841279334	0.0013198099099095322	0.13866757571401095	0.0025374631425167053	0.05148964633357936	0.010059948342038562	0.003018997750836581	0.042401236640390846	0.008295544380299915
78	78	0.04773025174887065	0.003246147721109323	0.009379362285750512	0.13765397696056264	0.010192507287837995	0.06661332398953498	6.338131084588409E-4	0.11637557108733805	0.07944682406304233	0.0012503829197773547	0.002714942114477697	0.020230206024057562	0.010097449204943664	0.007698000740739372	0.002548592266447407	0.06048732678617224	0.005718145170884124	0.1696974022880917	0.24433977156682798	0.003946002665075618
79	79	0.01805841124160589	0.017395779454042238	0.005295362788974149	0.08551262312696832	0.010808792531519515	0.028781003113078255	0.009974372932451969	0.01178532693451901	0.2423885618945493	0.0013259867452786317	0.0028790998349826997	0.07726683572734884	0.0014057501983194916	0.03141904831675795	0.0027026917202536884	0.026935718622971675	0.001412771872933368	0.17530695900464074	0.16609129688426144	0.0832536070545429
80	80	0.004202794810075425	0.032095535016816654	0.014945157883123122	0.09231047615693933	0.0015424259521646432	0.06756112343107763	6.881394143338791E-4	0.045398934127299964	0.32434939171539384	0.0013575575491029	0.0029476491597812834	0.13148694372032327	0.0014392201133809313	0.04645268796383121	0.007528899024163431	0.0037677483207486867	0.001446408969086581	0.1318623120337038	0.07957050835461411	0.009046086284039322
81	81	0.0262613461970763	0.07919627452649936	0.009546849360378942	0.26064666884181914	0.0014460252151624858	0.058874347251403426	6.451310957764007E-4	0.024704547872264334	0.08979399378613694	0.036986668823082415	0.002763422778587475	0.07416239314939052	0.0013492696820856464	0.016763953238165947	0.011522591885293285	0.003532266212548238	0.010284498698900368	0.05219307750739769	0.11031135508002103	0.1290153187980101
82	82	0.04392224546515026	0.09217750577280591	0.02283763077822506	0.09504530830645999	0.02810602143846563	0.02750185911016868	6.422638726674261E-4	0.020150347061350396	0.0582840862496101	0.054599900426264975	0.007195544835706456	0.007166728167441936	0.005787676806634276	0.007800639812524564	0.04258220760103923	0.012405375042852496	0.0013499825857899719	0.1408491868718064	0.19426475952546535	0.137330730269571
83	83	0.031427081849986244	0.021644218474801878	0.005198644742117765	0.10221543207334292	0.006045206348313572	0.009990658951725073	6.598599779220513E-4	0.002437737505155042	0.04618239402969048	0.0013017680367082137	0.034789684212273596	0.016495409378313175	0.015078576143218354	0.0034481867961346484	0.11224134000354342	0.003612910802604891	0.0013869680627603884	0.030553853247986158	0.08999901967541689	0.46529104968798524
84	84	0.037002792790653063	0.003979140715380049	0.011497259386204328	0.07733995042401084	0.007117731100556684	0.011763175620231117	0.04378720777736516	0.09964335815385239	0.04362338470396677	0.0015327243284546435	0.003327986781798826	0.00866941262097831	0.0016249238813028026	0.014812524399651462	0.1482837599026487	0.05264046582690603	0.023138178902148105	0.0037169303746704485	0.18123439617914616	0.22526469613007416
85	85	0.03341032449872798	0.0909705887418806	0.02979831364519795	0.006725126182726705	0.04040693945446593	0.02518409255399782	0.044390385466963014	0.01715453519172503	0.005407903604755588	0.00623823809956656	0.007859204967282629	0.00782773047750651	0.006321486328875153	0.10560651857482521	0.09990717876297726	0.06209275342617574	0.09370658328389939	0.013064707896089985	0.13451307654691563	0.16941431229544535
86	86	0.005348997291062252	0.004485570494672196	0.019021059234126295	0.1477883994316978	0.0019630823327405613	0.007199757877173548	0.0069363419878149144	0.0032355325637303243	0.23099129845488633	0.0017277959026703476	0.034054196090734665	0.07037808392514136	0.0018317297978148854	0.004576670228490829	0.003521679004004029	0.004795303237925	0.0018408792260960788	0.3314586367894992	0.08915022457216978	0.029694761557549628
87	87	0.0104820872624032	0.020873037934051066	0.015049028879461575	0.13230951904558927	0.02299587393577989	0.0515922500344431	5.254894963238246E-4	0.05648637587684699	0.04405072245871137	0.055581729370336355	0.0058872737396656214	0.08949943463941451	0.001099043357677396	0.01365502515875196	0.05665806459691968	0.021058878506461518	0.03746789748243221	0.2279668650703238	0.11167178451014693	0.025089618644259726
88	88	0.021236649390274434	0.009892086691239494	0.04743110595748958	0.09886348923145744	0.00116935096447267	0.07288023459249632	5.216953765032904E-4	0.07773902404855422	0.08705364708822651	0.001029197691560353	0.027505255676677286	0.12856413065646977	0.06607257512467601	0.01355643365127721	0.030978413619778156	0.010076585464424316	0.019146965644292527	0.12162854358178508	0.14696631104476873	0.017688304503576648
89	89	0.006652232766807783	0.00261527553978932	0.053492593233822536	0.0013617916006682079	0.0011445592513832823	0.03953319278493203	0.0923827587032233	0.03722188332969642	0.03573839494665884	0.036342809683479665	0.01278793670546005	0.03396628525136045	0.0010679752199677763	0.0521379956923689	0.03385517546574429	0.21127491315342992	0.04700937168286261	0.1190498652828199	0.12971626725438076	0.05264872245114399
90	90	0.0149905973965411	0.002857615750592881	0.015978691235760595	0.032375765423848665	0.055304242827367664	0.01616965870161477	0.0044189251154166005	0.07541974683741962	0.004301275746284137	0.11306894732869516	0.002389990232985496	0.06027955449658213	0.016610830209978267	0.041525384575607234	0.033131336468468234	0.049386615193574936	0.06680931069099716	0.16096921108355314	0.20351178331015066	0.030500517374561612
91	91	0.012133033131557776	0.0023128862487631617	0.00355783303983103	0.12620353216906377	0.2322607343525522	0.009962357401962751	0.0317013921883769	0.007918291385086625	0.0347311495038717	0.022765759564818383	0.07693391929881255	0.014414059168785631	9.444913787104316E-4	0.014859779503619174	0.008065836534054337	0.09309701077362877	0.013449128752183102	0.2802836884631483	0.011593582951805981	0.0028115341893674784
92	92	0.003186241879388345	0.006282005189062277	0.007720209433540192	0.04832234820097639	0.033660084484067626	0.01511893055766084	0.02940234739392103	0.0019273125028326586	0.022072180049036595	0.13099213176994015	0.04916574468974059	0.031091930097684902	0.004701189587663329	0.002726189144745558	0.03819857662413259	0.06061772649490536	0.10939900319872296	0.29130237418411425	0.10725541452081933	0.006858059997044992
93	93	0.037013181414599035	0.0027719949643337564	0.030481090662263743	0.04264158102545792	0.004958436049261566	0.011939888771400486	0.004286523884522046	0.013235364453236335	0.022898847092121102	0.04975650770048891	0.009808959601936753	0.009784675857812484	0.031094289288750507	0.017809450844013502	0.05835567143496361	0.09659564139646348	0.18465681319578092	0.21981612230640218	0.14498004585777383	0.007114914198417856
94	94	0.06346791366642206	0.0027824159174703127	0.09450496069893136	0.121748644568744	0.01625518494032442	0.00446603635884758	0.019340116242246373	0.002007012779647484	0.0041880851543483226	0.0010717581693209547	0.0023270962394008835	0.013580829501856432	0.004895598180429188	0.07426694463985588	0.07361252969324203	0.10447751896349299	0.012420012469958788	0.3108673587025803	0.05154084359264858	0.022179139520232035
