	0	1	2	3	4	5	6	7	8	9	10	11	12	13	14	15	16	17	18	19
0	0.0007108702045548598	0.024000390990860283	0.02400895487295793	0.17962693590760254	0.00025461983136932433	0.09739470092045648	0.053225781495364326	0.018244166382333647	0.12874841812028795	0.08644085559121754	0.018065677938651502	0.0008914276045686858	0.021354644783756538	0.11868171307151446	0.0005641480734841983	0.03598842714618683	0.025286285688922192	0.12934498951258527	0.021111414292437902	0.01605557757088762
1	0.0006732648753620179	0.012150677233605066	0.0597691620395163	0.05109866146991702	0.05314156584397667	0.1821731871362588	0.14827588422739302	0.06224439558148129	0.08226226167518114	0.015742579029265742	0.003884892192401658	0.02200443691688545	0.13131584776739588	0.072728089506279	0.0005343044059891381	0.007634416642951141	0.037173734546208086	0.014056734033217836	0.03321971558128813	0.009916189295426715
2	0.0006859656287364211	0.1848546169737879	0.0016084863397841914	0.2460966729864541	0.008330452196512178	0.061643571153634676	0.021716980053370125	0.09845252854507426	0.04339032828287834	0.002564965868466468	0.028212436536102524	0.05475854871422463	0.0017420847261131966	0.11991366157037353	0.0005443837502942694	0.018558105771671426	0.0190105726355994	0.04666091700178183	0.03654130391272115	0.004713417352419503
3	0.009114601731187815	0.010064704881957437	0.04648083568413862	0.2557456616506924	0.0002553329146341703	0.07246224056117358	0.01696730163028179	0.11071440808748556	0.07589796410275253	0.1482957051111226	0.0769284570622178	0.0008939241190908311	0.021414450179668296	0.051800165309554905	0.0005657280154232581	0.013684573816692623	0.05616348444512288	0.0008805401427400953	0.026771698953575302	0.004898221600487592
4	0.022095473153121083	0.026826662000670347	0.03037020418010856	0.16009819040252027	0.0003220821692534796	0.15146141228080287	0.06026270383107499	0.012479888750959421	0.03215047991062578	0.08108196232114122	0.015786818493231748	0.1459686942427266	0.14005932277299896	0.01941656919398175	0.0007136209081232347	0.05258909444784388	0.03198596787709785	0.004643440644157446	0.0019759860786322764	0.009711426340928328
5	0.000650884051461827	0.0143038560553331	0.08335324592025657	0.013600706643466166	0.0027902283562533372	0.05081971936710408	0.10243335330290007	0.16245902900712528	0.09998443604111767	0.0075479774596369145	0.05489763760412069	0.0008162052750683278	0.0016529912243722902	0.019168557956422642	0.003073637331589057	0.1505779176958682	0.17402109409631747	0.003361079311824268	0.03978670143304834	0.014700741866713718
6	0.0007189010739893961	0.0016770543803685935	0.07229344852411204	0.0009004262447876764	0.00025749633204141413	0.14650825076370766	0.15832653138259015	0.26416518768719016	0.008757617916682553	0.016809664941181853	0.029567007552582517	0.0009014982738086711	0.018771583934125556	0.05223906438173039	0.017516377431402632	0.15219167991198446	0.002977476136057241	0.02630678496082699	0.010052677588600342	0.019061270582229832
7	0.0007250443223451049	0.0016913853668386258	0.02733611601893121	0.026544116699819847	0.0002596967236886769	0.1733962084217227	0.06852927610923756	0.12115192284169632	0.003135566666277934	0.06537685713510401	0.2064231955437396	0.0009092018758599473	0.10438531339717767	0.02704946851665758	0.0005753966828554579	0.07088733230062481	0.005851363659711737	0.0008955891584662939	0.07280434908992417	0.022072599469320744
8	0.0007189010739893961	0.021447219764130956	0.0016857150106750418	0.03761644767177491	0.020027661715803773	0.08719775461242056	0.011462445674641194	0.26416518768719016	0.02852778330044492	0.042228449006019166	0.032391316893120005	0.02349597299810851	0.0413660586584254	0.2019274594302168	0.003394830728715229	0.05051654365263514	0.04816642558465692	0.0008880008959896727	0.004404058907525382	0.07837176673351691
9	0.031907143829973166	0.014564556678979143	0.03279843897090734	0.006037492529525695	0.06012247696624315	0.08559405096449185	0.02358560135136314	0.15760889151566942	0.05754384667707878	0.06236324058421128	0.032464898731820915	0.011245880293309756	0.00949421768209408	0.1340807105257536	0.0005259573965442113	0.0075151502713642375	0.036592999089262015	0.039874134305136574	0.0743599463692603	0.1217203652670114
10	0.0007397951783112876	0.01335137589912785	0.013360288241553898	0.0009265961874591492	0.008984164963898535	0.1362343845076948	0.052485118547700785	0.1933702083488928	0.02354412349848536	0.07251972374279367	0.007175182168467287	0.0009276993738771924	0.0018787907536450235	0.13223000084098713	0.0005871029928431943	0.0984870726945695	0.04084714736131315	0.0822928675766012	0.0335960074905021	0.08646234963127618
11	0.0006362416811371497	0.0214807837128802	0.0364858665838435	0.033291300807613916	0.05021928282334937	0.11466528401699233	0.1326234053285813	0.021327997999160655	0.06524076770663152	0.1198588125124256	0.06366093206761404	0.040790958595370734	0.11159687096292403	0.06622916343976082	0.0005049227220159441	0.007214596003988556	0.0026351253195912553	0.05077729184329	0.03639208506859298	0.02436831080423614
12	0.005341641325738607	0.07722387390715267	0.008521972372607883	0.0007553575371497009	0.11868009156181225	0.047087126336737915	0.0025078730265018358	0.05101695425867104	0.10685649586264294	0.07570276248934274	0.04138840427503763	0.022079791387125174	0.2337211810605264	0.02486851573138054	0.0004786040313238448	0.0020999777607791027	0.049883403836136916	0.019699186972168256	0.041603021756168895	0.07048376451099571
13	0.0006732648753620179	0.1549817991038098	0.012158788082781391	0.008778329063930428	0.018756295764112568	0.05521218991829902	0.06363521941541984	0.07017945790760377	0.055812053921439515	0.11889838926885805	0.022400037620020786	0.01671439536613713	0.07312539070916434	0.0066025701219249566	0.0005343044059891381	0.00498939586757698	0.0027884644663439878	0.051087024888456095	0.15489067124849956	0.10778195798427068
14	0.0007148630850129809	0.02132675306834244	0.035377592566860176	0.0008953686487121124	0.00025605000320999294	0.10917553835127296	0.1265443279816566	0.158768917016669	0.0030915363257646576	0.19364731356211612	0.09399517945832528	0.0065133256618740455	0.01585770049035934	0.012627406211585384	0.003375762334529536	0.030573679213319237	0.011386088485545854	0.023350577114188427	0.0015708762858539695	0.1509511441348019
15	0.0006714887736054012	0.001566450837100688	0.06752561770394189	0.0008410421638116957	0.01870681584755469	0.19488282190043935	0.1241423381854216	0.04097584741079787	0.02137025906238029	0.1423271180630496	0.1120344106390452	0.006118129684518501	0.09139878445306117	0.048793841802633256	0.0005328948879394477	0.015528406012561956	0.0027811083769084984	0.003467479376731553	0.0014755633810000636	0.10485958143749732
16	0.0006822882077839245	0.006952584332871676	0.09273585262812337	0.0008545684949232039	0.051173317508374866	0.01842557926280284	0.10469513508290673	0.1676169574954763	0.048518655859018704	0.14997708026360984	0.060226834619274076	0.014257937292526543	0.1437976699917859	0.014732470906144171	0.0005414653413745418	0.02381955741632814	0.002825836446893198	0.07857641387800632	0.009540705423201134	0.010049089548574593
17	0.00889051434318225	0.0016220793345796405	0.031679447057844916	0.009066088988646769	0.013907687687824794	0.1007297083806562	0.2241613618982042	0.02057718826088047	0.005738810464174564	0.08455179341577831	0.04498813855654371	0.006335399421729708	0.0591321347559809	0.10242943299954367	0.000551819287753459	0.021543310568097416	0.032928863326764764	0.12105485556805935	0.0015279642427927789	0.10858340144096218
18	0.0007209372237243017	0.03566950819197733	0.004522798132222724	0.02356144578048189	0.00025822564113162853	0.09877396019294528	0.17293650426960608	0.1402918041564209	0.08242244725831865	0.02252189241336646	0.0296507504440155	0.02356252084581997	0.041483220104441935	0.08637472541194748	0.009069063249836628	0.03649807881485621	0.028476687174468975	0.009387441957606737	0.0497334710629856	0.10408451767382576
19	0.0006953349810093888	0.0016220793345796405	0.020752541241614433	0.0008709096264739053	0.06034703740680434	0.09253452901848333	0.13674611536836034	0.1325779728772429	0.03851952791286602	0.04903934951302925	0.07230540309711991	0.0036036729676720857	0.11649839029119093	0.0532583568265065	0.000551819287753459	0.054324028016788865	0.03019713687270713	0.006322344497639292	0.012454870059023264	0.11677858080313505
20	0.0007088904444707139	0.004438682656474263	0.007232203788191698	0.0008878878944198754	0.011393835119429591	0.03028391212229588	0.23410132019139604	0.1880772038158197	0.061550309812315185	0.022145554145139336	0.05143513856547087	0.00088894499553806	0.010155248102161068	0.026446810448014314	0.06461714222876214	0.021963294557422814	0.14775503225545372	0.0064455977671688215	0.02662258160238109	0.08285040948767489
21	0.0034364488733623897	0.0016265225492555632	0.10846408197350038	0.02004775980066933	0.0933828512606398	0.01061172372317245	0.17820882995435766	0.15759401470272608	0.038625040959042886	0.005346330961827885	0.06154662582681855	0.0008743349575477062	0.02368439012829351	0.06162187028187688	0.0005533308362366525	0.03803757754928278	0.04945431771909109	0.11864724092072584	0.004271358880900128	0.02396534814067252
22	0.0007312934678204317	0.02756291564587241	0.018952741482690043	0.01240792654394622	0.02611888730109226	0.1059388349012693	0.3305624460991947	0.12506912403160805	0.037638528406106056	0.01422643471533884	0.007092725127243111	0.0009170382723581805	0.04782511485101637	0.030155602150367437	0.000580356017707642	0.02265739927366575	0.003028801774918473	0.13880705358970402	0.0016069812397407116	0.04811979510834004
23	0.0007069216809501798	0.0016491088197101724	0.015543857737781625	0.014771654614851562	0.03913465683848024	0.14962140662709505	0.15568826053199486	0.15422790880628698	0.03082965769974069	0.12761941827231826	0.015188085735450031	0.0008864761761420198	0.05178574228669346	0.02915060765651079	0.000561014516935599	0.03578852967802525	0.0029278610246194704	0.07308161325238262	0.020994151088652248	0.07984306695537897
24	0.0007168763932957999	0.0016723311997406936	0.0016809674386369599	0.0008978903247566877	0.0706656481952255	0.002461522295883957	0.22828950471551246	0.2662375598007804	0.03126379401552371	0.10970204068074804	0.018218316030299362	0.0008989593345633006	0.08912759355259234	0.08025549145296515	0.003385269679937942	0.044741560963022085	0.014234510836294234	0.029049050795867955	0.0015753004312657258	0.004925811863087781
25	0.0006804642436069768	0.0015873888379280886	0.006942195537729083	0.04629846148919583	0.11519582507987293	0.007683103838654498	0.08570212118249851	0.17786208455779712	0.12056817382892512	0.09878335921540878	0.027986175230399788	0.0008532986848886821	0.012421331596076356	0.10023883243720323	0.01390654063846929	0.013062662245786671	0.048264459641561286	0.0863862688718122	0.0014952865325733652	0.03408196630961228
26	0.0006822882077839245	0.0015916437865201262	0.0015998633401469895	0.04642256313891139	0.07261707969378106	0.0050232278969239595	0.1288193675414887	0.17029742776865206	0.11553041268841308	0.08296532343421546	0.011978369702110109	0.000855585926647666	0.01781556715252445	0.12463175210635095	0.016624286980429198	0.002375795230921935	0.016228187812772073	0.11074205715611564	0.057789170340365084	0.01541003009492614
27	0.0007209372237243017	0.01867565625399229	0.2622628858583292	0.009399902498827696	0.00025822564113162853	0.002475465877696724	0.23524729470888456	0.0779810137171424	0.03144089144436354	0.005528040475381421	0.026818441787684662	0.0009040515951732463	0.030153985479118583	0.046722404223315715	0.006236754593505787	0.10730579522312722	0.06246439105043905	0.07169823239688522	0.001584223905361317	0.0021214060459155033
28	0.006331754090624084	0.0016676345487035805	0.10278028463419342	0.01212915065993432	0.12944454313226536	0.016496836758689785	0.21079769306582316	0.12225912548019685	0.07330267389590345	0.011098355879755287	0.07714450644149196	0.0008964346562629412	0.0018154729763315792	0.11934833531819634	0.0005673168317239847	0.010914560693680372	0.03666209801079582	0.054243477645049484	0.009996212794270624	0.0021035324861076754
29	0.0007128610535928928	0.001662964204362512	0.1837092667515224	0.0064940215487096185	0.06746925833539356	0.10046804281982333	0.22140965811842492	0.12191672899094548	0.05069274206996775	0.016668434495468783	0.015315692093188362	0.05130436818466038	0.03821793153485815	0.07700538734233968	0.0005657280154232581	0.010883993590827649	0.016955361283013237	0.0008805401427400953	0.015569378050115403	0.0020976413746226176
30	0.0007030167791423065	0.012687621597032872	0.06241039051155264	0.10859484700001826	0.14663280028082934	0.01622346053009564	0.07749491299462191	0.09537596672598296	0.09418318781676456	0.09377160628809787	0.034437528369348866	0.0036434849849454353	0.05149968763010751	0.01518005752859978	0.050272215221691334	0.06597180149447654	0.008435499144915553	0.017439813513585346	0.042973427650191326	0.0020686739379999924
31	0.005947574966760166	0.001566450837100688	0.08862996247656095	0.05360190409535934	0.10048615184145353	0.09463718423049884	0.03972495909494538	0.14385952817731576	0.11897785363574342	0.02889126491022217	0.0249789884519916	0.0008420434913637363	0.006981405362584954	0.08045035896156184	0.0005328948879394477	0.08411752652357388	0.010695237666640644	0.037762039632237517	0.0542364253125477	0.02308024544359847
32	0.005750368604172986	0.06017767515184912	0.1265003772131195	0.14619577872609962	0.00023253933720158282	0.004779797880447714	0.0026997683736944608	0.08552749530785307	0.07422369510629613	0.06874246195193773	0.03690361082963582	0.05692671495973161	0.1087728134216312	0.05737825225947461	0.020919804175720855	0.02521581317456479	0.028194617339453495	0.0645662427907304	0.021831216194389647	0.004460957201995721
33	0.094908200300852	0.04116862952820068	0.1205671376044644	0.013195792014061054	0.0002261931940553272	0.034420941834195085	0.07705505904265159	0.07823146549633055	0.03746456542214603	0.03957581543247557	0.023491660165734986	0.028082527524804803	0.12317109512886032	0.035964638993498985	0.007944061536958943	0.00467993287550059	0.03734903123281021	0.17444764340688168	0.013792531823232515	0.014263077442284697
34	0.0006073953673736732	0.08970791190236732	0.09687395719223796	0.0795067726428053	0.04555616766217443	0.09992154873624434	0.0430919513894392	0.06331338404510355	0.014557988795540471	0.06192724202619201	0.010663538051437316	0.010306641318505914	0.14471710642194993	0.00595660140841396	0.033889427436219616	0.009273738903638955	0.012060623030207577	0.13199361300835072	0.01803841989405473	0.028035970767743026
35	0.022404352618970023	0.08859005343191588	0.21690538065525908	0.04918989220643583	0.0002207172743303693	0.033587643930919564	0.05098059173911811	0.04970761468188319	0.038978488160378064	0.04588043452185713	0.039869276555425714	0.09760888795159847	0.0790338760428282	0.08109114266211923	0.01501445497165129	0.00456663620072016	0.046128462468312516	0.012865683983331929	0.01103772404855062	0.016338685894394668
36	0.01444236934468016	0.0013711277552066645	0.0845058655444256	0.13004586006890936	0.002519625686137587	0.05281841255053297	0.10635374403545776	0.13515787623651954	0.05796029664100871	0.0021977543299859566	0.01262791493892676	0.00766435258942888	0.1169477595870094	0.06810978260694066	0.016630158520466322	0.0413013650064309	0.007052531009885797	0.09078097441276348	0.003600674774986132	0.04791155436029743
37	0.05647373470852145	0.006582079874639256	0.004052233872200583	0.03633581387175162	0.06113441997085936	0.050432834809606114	0.0559762445869145	0.0241903606236303	0.13475005175156266	0.040479673542982514	0.011340040245823621	0.013498129273067762	0.04731770281881687	0.04186127778630735	0.07410380905987611	0.04285122923304194	0.030589149999465787	0.2367972249916809	0.014107534599969341	0.01712645437928202
38	0.01794643300482892	0.12483205188054255	0.12062680314677968	0.17429033989311776	0.034130046834137784	0.024777652469961508	0.017119477647890024	0.14988331795988358	0.034170661167906555	0.054632981947030666	0.018850036657804718	0.04774643230331848	0.015381325652659863	0.05271137664888293	0.0008520893734013617	0.04592056097522275	0.00866512606503807	0.0013262537438963596	0.015013950265450281	0.0411230823622462
39	0.0006804642436069768	0.00426069339770025	0.05238837305385582	0.059664984288056624	0.0055903381292143174	0.05312928135478123	0.01619620262842234	0.1992485210359744	0.027002514236899484	0.018584222422243942	0.06541243906721005	0.0008532986848886821	0.2637119602146595	0.04142613212221568	0.027273063437330096	0.06385544888145772	0.013511500364523194	0.0008405229591030535	0.006841895652117687	0.07952814382573901
40	0.019926286487269542	0.004377723273587265	0.012626345322512715	0.02010282564611485	0.00025042359505535595	0.08754939812415324	0.019387802188129362	0.2349354102276021	0.005770336425499261	0.03282834691611096	0.23750659644562455	0.003623469623323098	0.21327402879605892	0.00960320019360956	0.0005548506883603512	0.032648590420607235	0.022122824520496503	0.0008636098814422933	0.0015363580627184446	0.04051157316172442
41	0.014393285770798394	0.0016265225492555632	0.03176622369144835	0.0008732952301563258	0.0002497376324337832	0.08730958200522447	0.12616385469153665	0.09733141176682808	0.05232108708083789	0.038216841654135886	0.08893871807040855	0.0008743349575477062	0.27295242954496257	0.02875135958956887	0.0005533308362366525	0.059951251344154785	0.022062225475501084	0.000861244273288799	0.04809870647064414	0.02670455736503152
42	0.0006459289475893861	0.011657334943814898	0.004052233872200583	0.0008090283875221276	0.00023135914075166766	0.2204538796269901	0.03567522431021194	0.05464189103868415	0.20834125025460945	0.012565770662516488	0.0088024127112358	0.010960501738479941	0.25540316065501817	0.031710767647956065	0.058878043852349175	0.02255020895633937	0.005212874653587581	0.0007978642750135907	0.05217194761878665	0.004438316706342917
43	0.0006822882077839245	0.0042721140596959015	0.015002214706025866	0.006215509041274755	0.00024438231803512674	0.015745108989627058	0.02428102688763348	0.25339200623710106	0.13965464514699505	0.005231685512117975	0.14868235363407467	0.0035360561998234404	0.12771484835273125	0.03885670336472615	0.005902405887726093	0.02113908714315237	0.04303289054452983	0.035688889507193934	0.0068602351500253594	0.10386554910972673
44	0.0006896829058925747	0.023285065677354708	0.00432672423610318	0.0008638303815585389	0.002956552394428309	0.005077670071660278	0.1708583444924697	0.14504791149670693	0.08155876249062045	0.037802644246831565	0.10423192125585576	0.0008648588402952852	0.0992942969933439	0.020311185569018567	0.0005473337891801499	0.04304436590146488	0.17084679237672426	0.011689995793483886	0.02861075848588932	0.04809130260111784
45	0.0006859656287364211	0.00160022248411842	0.009693239037857843	0.0008591744782198832	0.0029406170644630755	0.0050503022671190894	0.2292256326372606	0.24397807711039998	0.029915740452755583	0.002564965868466468	0.022822601404053417	0.0008601973937335983	0.16343713868758628	0.01211695892939145	0.05713765263680985	0.12096497328060438	0.008230902371501191	0.017016823775511763	0.041931139044770256	0.028967675446640462
46	0.0007419515826247668	0.001730826669596308	0.03963303179859064	0.0009292970918095279	0.00026575257429788964	0.011292222440359686	0.035148905605464034	0.14729598988468384	0.006123551414164214	0.04649730897095854	0.10047183054979147	0.003845270171428771	0.3604128685180712	0.03933969998229635	0.023907747740272302	0.07545521596045833	0.011817544574431307	0.030065140118023387	0.036608802050795086	0.02841704230188248
47	0.027195405040430283	0.06257157508175326	0.025451210941350503	0.0008455031111024527	0.000241789875738044	0.2330449907103937	0.0028071665957799144	0.1181022146757738	0.00822343111083763	0.023740435299973082	0.1921897130277387	0.0034985452140410475	0.04945100266019619	0.08883317976454372	0.013795898721593518	0.0659994436006696	0.005447895037273797	0.022050119383208385	0.05187206369504218	0.004638416452560253
48	0.0006915566935807186	0.007047031120028581	0.007055362331478601	0.014450591769136932	0.0002477021087304007	0.195273267968911	0.024610870420428168	0.09653809762428454	0.1007985283433799	0.1003936561275974	0.12081640453346075	0.0008672085604827539	0.10771471664710563	0.042101431820162336	0.01956700107721838	0.026860015048881827	0.051768115842122805	0.0008542245737921821	0.07759238262789023	0.004751834761326942
49	0.0006697220180590347	0.03839775924548245	0.01735701032769942	0.07187858696127608	0.0002398813541626714	0.2390988015992959	0.19485546467958256	0.1040144870292036	0.023945133863871468	0.028815249041412312	0.019651061910623102	0.000839827988935213	0.0648472835585639	0.02761664313524064	0.000531492787061659	0.007594242783082165	0.05276473157600193	0.07976031802113914	0.004102783158788649	0.023019518960518143
50	0.005649502353124985	0.0064996119039808726	0.009013129118259768	0.0033047251148811173	0.00022846040369674809	0.0021901230694121344	0.027710743971913268	0.1216147695336496	0.047863417939265934	0.022431664750282958	0.08136128799100509	0.0007998430810001819	0.4677048254144147	0.0613834563184012	0.0005061879741252172	0.03730267271686611	0.012665061216993628	0.020834533127048752	0.013930778958650695	0.0570052050430271
51	0.008237906812198844	0.014159032128610043	0.011635589683202784	0.010931797695039934	0.00023077352350416968	0.024993136193148458	0.050772148715169066	0.02412912987926304	0.11669054187735395	0.004940351287295846	0.02902976625377015	0.0008079413459229142	0.5255955411386649	0.03163050121713465	0.005573721596611257	0.0098371083663491	0.010262088364766421	0.03370150036936105	0.036852664076177113	0.04998875947645635
52	0.000676845415734688	0.014874384119010584	0.06540519981492056	0.07264311275777463	0.0002424328161642154	0.15655114142547502	0.2421325023637797	0.11309808387660762	0.0029271230163368605	0.0158263008181886	0.017200990021198615	0.0035078481517427577	0.08415063416189926	0.01727403357880249	0.00053714593027913	0.039584067308249336	0.008121468925159516	0.03008601495466944	0.03871455875647711	0.07644611178752994
53	0.059974152081276565	0.012379892748216626	0.0016084863397841914	0.17333389870379118	0.00024569949843852406	0.09128766437990472	0.0890899192039839	0.17660513795978622	0.021830987754681928	0.06993790501908026	0.033602271668151634	0.0008601973937335983	0.034081095518407815	0.025591546759514208	0.0544427350707853	0.04820219899794148	0.04056991316379581	0.0008473183793644548	0.03923622147874569	0.026272757880615914
54	0.000662746997892562	0.0015460579989455552	0.28014991389154553	0.0008300930575122606	0.00023738303808864628	0.0621607533404314	0.06784849686347734	0.06908310049144104	0.04452534799704518	0.005081846392063485	0.009031601107760471	0.0008310813492828865	0.1318681052744098	0.011706822933437859	0.06561845079671215	0.12988903786367995	0.06002629671332248	0.0008186382650358113	0.0014563537610722086	0.05662787186684346
55	0.005947574966760166	0.001566450837100688	0.21789407420885265	0.00875517145354384	0.0028785572680904	0.02077197752633216	0.04763908838467752	0.10428888172865504	0.01345612977264815	0.07373799755203768	0.027617031548568986	0.006118129684518501	0.05710422419755521	0.03560362631974635	0.0005328948879394477	0.1289642591653894	0.09247457366053947	0.08260877227405301	0.012027735767309592	0.06001284879568183
56	0.000676845415734688	0.006897121743460218	0.00956436318606798	0.0061659262948549004	0.0002424328161642154	0.02891494341666911	0.4123140997088543	0.08650720929143974	0.202358682405096	0.029121738110772545	0.02251916493823219	0.0008487606932259692	0.02830979753304668	0.03322855832990323	0.0031962333887959192	0.002356842889014289	0.0054623814666427285	0.10985863871017312	0.0014873343372420553	0.009968925324610212
57	0.0006859656287364211	0.012379892748216626	0.03125257956605426	0.0008591744782198832	0.00024569949843852406	0.2691522237375251	0.10256450703410666	0.08228302314892695	0.002966564792510065	0.002564965868466468	0.1521786445732319	0.0008601973937335983	0.16882697381963538	0.06062547511783337	0.0005443837502942694	0.010473353073597768	0.024400407767648503	0.01162698864346266	0.0338463863466966	0.03166259301266502
58	0.022126050393190124	0.0015916437865201262	0.004280333613322765	0.0008545684949232039	0.00024438231803512674	0.2945140173999077	0.06716855125844587	0.0469957952025664	0.013672542307733621	0.06956297206833659	0.11651671035596535	0.000855585926647666	0.009774156332997124	0.18628256838939375	0.07291416271712048	0.013097676323625036	0.002825836446893198	0.059813121965775914	0.004179764876849582	0.012729559821750364
59	0.0006732648753620179	0.012150677233605066	0.0015787049812847481	0.0008432667378079434	0.0002411503364934417	0.2218484987668712	0.04512007398780072	0.1706902473718219	0.08226226167518114	0.015742579029265742	0.12291082708423895	0.011424353815388808	0.16570111784726002	0.10182331803539477	0.011114387507485784	0.002344375092202818	0.010723526792466472	0.003476650931721189	0.012059549378294836	0.007271168520052555
60	0.0006679645351440109	0.0015582294840342085	0.05929862376409493	0.034951196891961744	0.005487647065751265	0.34343926325032786	0.0631342452444921	0.04076078996961709	0.09473563240441824	0.028739632133924026	0.009102703225717716	0.0008376241143390186	0.15914822521037555	0.009174788379677392	0.0005300980449633978	0.060058266066001786	0.002766512021031139	0.05593323275122196	0.0014678190412226193	0.02820750640168398
61	0.0007108702045548598	0.001658319946312711	0.004459642708978807	0.03998899187918021	0.019803931995348446	0.23423988606831034	0.07836061142048034	0.09085589727711324	0.1064063470757404	0.0473422312632593	0.04040774898319907	0.0008914276045686858	0.1107229289619468	0.07958308874355619	0.028491736879168655	0.0527449804295975	0.01411525016664841	0.003670839887005208	0.00994037877016412	0.035604889734866745
62	0.0007463023261887528	0.01640077218605845	0.004681926048322293	0.0067986648501766256	0.00026731092571773433	0.21073166593631987	0.13210967011534508	0.06020094501505166	0.02668317394625828	0.032110169308213816	0.2036795617995661	0.0038678185220784814	0.05173862307340374	0.15391679427663896	0.0005922670789385563	0.04071416857631518	0.01188684169192978	0.0038538066853623853	0.0075038808999717856	0.03151563673814253
63	0.0006841219764049041	0.03922336467400358	0.0016041632520574507	0.0008568652968796057	0.0002450391381607312	0.01578742671763362	0.12379024306177346	0.09818792019417157	0.059399756232537015	0.00793342108467581	0.2780903396351613	0.0008578854631293738	0.2167513629525966	0.08733927862191677	0.0005429206239677813	0.021195902128721543	0.027022501918574752	0.0008450410633587972	0.004190998724345108	0.015451447239930319
64	0.0007355197565377105	0.04794939522748106	0.013283076509274707	0.0038108395021344975	0.0002634488197401802	0.054538306923254384	0.01750661717498433	0.11712312819841372	0.037856048861213916	0.046094233336616816	0.2411911773726899	0.006701534609225804	0.004757531148728161	0.041888270488374686	0.0005837100092275619	0.07191151187381663	0.15330541721844662	0.000908528622998311	0.004505866596449937	0.1350858377503911
65	0.0007229849402289089	0.0130479948902059	0.007375997891229972	0.0009055413023043578	0.00025895909321297115	0.005322850489545458	0.0030065002263720943	0.06968144711399651	0.04857231517106562	0.008384095477909852	0.31661066385736025	0.0037469728350999773	0.024558926626932556	0.03833405212198051	0.0005737623529229672	0.0877281077076753	0.2983911453498456	0.0008930453687425996	0.010109783902815415	0.06177485328055321
66	0.0006896829058925747	0.007027937038121418	0.0070362456759753954	0.0008638303815585389	0.00024703095455609413	0.08636331326782673	0.05434892257796446	0.1802716902150457	0.16555392712665912	0.01883599416772606	0.16113187149317226	0.0008648588402952852	0.05594195395538845	0.00947309980952971	0.0032568552290523647	0.05659197310082595	0.11665636357927996	0.0035614314738672413	0.034029801365633744	0.037253216841628974
67	0.0006822882077839245	0.012313524879223228	0.004280333613322765	0.0035350387680989797	0.00024438231803512674	0.29987495794625924	0.010878675521754602	0.13545131421736697	0.008311601761382069	0.058841090975633475	0.1647651752731293	0.000855585926647666	0.1625609619040163	0.08174422773553856	0.008582876160901868	0.02381955741632814	0.0135477175395963	0.0035232462290846265	0.004179764876849582	0.0020076787290472654
68	0.003327085861962525	0.006878830331995146	0.012191033619979523	0.0008455031111024527	0.000241789875738044	0.11370339481805487	0.010763272988602504	0.17644699488980609	0.25486272928833786	0.015784328907150494	0.056935904349754714	0.019410757999686223	0.2165292369094705	0.014576186764866243	0.0005357214002225393	0.012958734315185686	0.07705285257267709	0.0008338356690148197	0.0014833898738324564	0.004638416452560253
69	0.019393596162012104	0.009607302517244572	0.012288804657273404	0.000852283973069088	0.00024372900966999574	0.2456072096583768	0.12580168957908092	0.17786208455779712	0.021655905117355163	0.0025443950636109738	0.04669930714880492	0.0008532986848886821	0.02044124527539284	0.1082587461165197	0.008559931518924969	0.0023694440066980267	0.02420471860361184	0.0008405229591030535	0.022881723010750653	0.1490340623798152
70	0.010991688770469613	0.022202232049818683	0.014459595484026741	0.0008236593724405122	0.00023554318688809013	0.2244407080717876	0.046654476233068884	0.17188845217902632	0.044180251668229344	0.010209498458751484	0.09938478743358388	0.013742238044609795	0.11017789690311483	0.0968722355790489	0.04185819466148224	0.02812506052145334	0.013057706424887558	0.005979332577091836	0.0066121054216631454	0.03810433695855732
71	0.0006972396490033892	0.0016265225492555632	0.012591759120935348	0.003612504454515327	0.005728156081151785	0.04622144363983947	0.0412483687364076	0.2233350360873421	0.29611070804878903	0.02178158630798189	0.07798188117297254	0.0008743349575477062	0.10038224841034553	0.09723159019854387	0.008770958509313654	0.010645485305692771	0.01384459780242408	0.0036004534976478	0.0070105681052591295	0.02670455736503152
72	0.03732949246672534	0.02983588202545572	0.10588610549378258	0.009346955572471196	0.00025677113093792585	0.2671989000576052	0.008613808274935214	0.05782728369048919	0.0228147287678092	0.03929316361646045	0.08862719309458694	0.00934802458227781	0.0553313325617343	0.18164427442553924	0.01183433492765245	0.01376165505473556	0.014234510836294234	0.0008854999701529242	0.03537156142212376	0.010558522028230788
73	0.026286165665257315	0.004526934648529764	0.013056704719014062	0.0009055413023043578	0.0030993125071050163	0.07917203925073865	0.22455406650995166	0.18329558366967832	0.0656144356544179	0.005543742064017805	0.015533201984803397	0.0009066194212079316	0.17793801097710302	0.02697263846641233	0.0005737623529229672	0.05364386674097076	0.017196157374533134	0.04917905340490737	0.010109783902815415	0.041892379383308906
74	0.0006525526902879625	0.0066495764679933645	0.070748685016014	0.011071924204764936	0.0002337316360934881	0.03813175389113205	0.025786459894451472	0.12442076874714468	0.0233312644662033	0.0024400280536617585	0.1729662708103092	0.0008182977396309741	0.09651227479981636	0.037163248649320704	0.0005178671728173055	0.009963202875195391	0.08730312703649153	0.0033696959424281904	0.003997602162901685	0.28392166774334177
75	0.008988733386301575	0.007163810525593359	0.03202942961863533	0.006404342178387297	0.00025180688768227245	0.03555679928013393	0.044352046565984835	0.07880453351166444	0.019611738352331144	0.019200156823664445	0.15319946640529838	0.0036434849849454353	0.14816638138029894	0.01518005752859978	0.0005579155787357119	0.08530514024451483	0.12443553164514533	0.011916002442145834	0.031925805507312305	0.17330681715262486
76	0.000662746997892562	0.004149757734952272	0.5092754906601367	0.01384859173754585	0.00023738303808864628	0.05434965413241125	0.060037397655457174	0.17062739019570297	0.005469851956944414	0.0233077445441105	0.08714259318796201	0.0008310813492828865	0.0068905179460873635	0.03774382029350504	0.0005259573965442113	0.0023077507993508033	0.015763401201208272	0.003422338001042529	0.0014563537610722086	0.0019501774107023922
77	0.003241129946342315	0.001534075185479215	0.009292556267941876	0.1868370711514957	0.00023554318688809013	0.24510886493612705	0.015652240936559692	0.04012895216886226	0.0648484085325688	0.051545812187430415	0.10455182664966874	0.003408159612440067	0.032672308661841835	0.05553592185036997	0.02635707701322764	0.08237897229034442	0.002723627992717825	0.018896930617304002	0.04794841915034207	0.007102101662048123
78	0.0007376512723976237	0.013312683981979878	0.04230129321612378	0.07916916227988613	0.0002642122871148637	0.2894321114519333	0.023353295410020788	0.12036052004827998	0.00898603192169998	0.01145214588339595	0.11727733502336544	0.0009250109268149963	0.11199629240400467	0.07098938425420878	0.009279318400480885	0.07211990944126052	0.005953106197545166	0.0009111615137560274	0.01321284128873925	0.007966532796992097
79	0.0007334005236341817	0.01899851419119924	0.04782007525574476	0.08735676413525642	0.00026268975188071544	0.25895152008254035	0.008812358111386769	0.14847966287579578	0.003171704355259473	0.045961423286197886	0.09931388362974586	0.0009196805095833568	0.11711345386395385	0.015836125780460918	0.000582028181585709	0.08322940551027783	0.0030375285784103173	0.0009059109043924654	0.03906815487713453	0.01944571559555965
80	0.0006841219764049041	0.0015959216069458633	0.12792486497717978	0.2266215236992259	0.0002450391381607312	0.2039246420529222	0.005532564851020628	0.020245359555266296	0.008333940641530101	0.0724376091996319	0.10339149682382187	0.003545559967919211	0.00980042608377915	0.033585788526120035	0.0005429206239677813	0.08570009024367763	0.02433482741378492	0.0008450410633587972	0.00956634773392478	0.06114191382135755
81	0.0006610258849703709	0.0249144857829502	0.011937758743564465	0.10210852282784334	0.0002367665690353537	0.2359941776747705	0.13259575074244154	0.05072512933353937	0.013246461357026252	0.05181353475342534	0.014202022776819137	0.02939524206136176	0.10036239490121987	0.0480335542849208	0.03688172476360778	0.012689510069360027	0.05987041213704662	0.0008165123121442353	0.0014525717005190364	0.07206244132343394
82	0.0006878192449017565	0.020519945006542268	0.08267882594088713	0.0224790943125475	0.0002463634275671007	0.09693874142905932	0.07041525956172111	0.009545974480576588	0.016485579901495462	0.005274096690306639	0.03369307171898043	0.008969121133902809	0.03147098967527935	0.03646949931794848	0.38155602258744936	0.14561164274868646	0.01635974322897827	0.011658407089520073	0.0015114487842808858	0.0074283537193690265
83	0.0007334005236341817	0.0017108787359294815	0.0017197140416920725	0.07583167383174325	0.00026268975188071544	0.16386952507855668	0.1125381708430053	0.1369545725722826	0.017578067234650937	0.002742334648023499	0.012875706353397066	0.0009196805095833568	0.004743823404700443	0.15125593684674069	0.2426089245553623	0.0572979523273732	0.0030375285784103173	0.0009059109043924654	0.0073741565424733126	0.0050393527161681885
84	0.030998363121356495	0.00989837767721178	0.02092401731650036	0.0008781058615079382	0.008514008607337769	0.07952764002242936	0.245293672720962	0.16397073344258578	0.0030319312303635467	0.0026214833200524663	0.015062588173651503	0.0284221355529027	0.029323454732397624	0.07573281244051933	0.003310677336393102	0.02722991753442444	0.011166563686574394	0.0862492396541269	0.05387225970078103	0.1039720178679216
85	0.011579156934947007	0.016344011474091983	0.02702846230936985	0.05094414475544205	0.00032437400737872816	0.26283242069043306	0.007323810576868307	0.06949424297425857	0.11065188572250556	0.04252260032623581	0.0372462343443626	0.0011356379541487725	0.24067565656235185	0.055133201028789915	0.0007186988160620754	0.013826985926978822	0.02509787633903812	0.001118634999203577	0.023337128273874137	0.002664835983659367
86	0.003081887605186661	0.016198224235192075	0.09972970861147007	0.13835205260828812	0.00022397054119221112	0.0561919909484658	0.007513458752220781	0.04307052069030702	0.007617383940205131	0.012164474879347251	0.01589106254278761	0.003240710813810572	0.18828861690181686	0.06017710600796096	0.13560851426282686	0.029199814274888342	0.024699092661274527	0.0695568145033477	0.05787556409712542	0.0313190311222861
87	0.03304804155571909	0.008960537856108435	0.07130161865082857	0.0706083554079941	0.00022732114595743814	0.17172614504587014	0.0051325228755616	0.08111491777742542	0.007731340189954562	0.027306480138930826	0.08594224051210446	0.008275866732835367	0.16866538258083766	0.013703946325150805	0.12018385912612435	0.01467661979109991	0.040028616108950435	0.0007839388611374008	0.05624804654618565	0.01433420277122384
88	0.024181309582871017	0.0108326574493296	0.006123673344066652	0.05027205414900241	0.0544514662357184	0.02328397758471681	0.21236761938657886	0.12623578967370175	0.0851295694781118	0.0069606123468705285	0.0034634864821749627	0.0007526901803300758	0.1029229851516299	0.034183660754242465	0.05235471344561029	0.0044481813872135996	0.044931927824679925	0.10685626158242507	0.03433249023474039	0.015914873725985546
89	0.046613391037776536	0.02080474585925765	0.05954663093301678	0.061294411415839085	0.012325236483733624	0.0021158939864710964	0.02919245716219226	0.0932838838357349	0.10918469957491693	0.057984953731260384	0.03502746887166441	0.03708629190458222	0.0645084529915443	0.07382843113647727	0.1384805509075645	0.04330109767081057	0.029182135575147955	0.06612556850470623	0.01830043557419257	0.0018132628431107621
90	0.025174064648720764	0.05277440375606296	0.02146617662324512	0.13939421396889345	0.00915109899736762	0.015375729508069681	0.03591951131012363	0.03474334533373987	0.08522355925324496	0.017786474546059652	0.012232470694535388	0.22662994587969595	0.220651540125891	0.012293914042402878	0.004925424328977603	0.0019825474312746717	0.01354205600032681	0.016360820572189124	0.0526973404499121	0.0016753625292668336
91	0.027846870085692272	0.09224418279350798	0.008173400784773705	0.062078495271664175	0.043382236264148916	0.02016504835930785	0.013767152403014566	0.008027534372242186	0.11839237919568725	0.02034176853211916	0.04424025048707948	0.06207935780052886	0.20825475483959707	0.03294081306217104	0.10044337936238916	0.0020140830229782537	0.022846950589065832	0.06661324138477723	0.037628974659499694	0.00851912672975533
92	0.023733578925219486	0.03840543514974372	0.008324735934595718	0.019253442192572908	0.014097686596400044	0.0182239697886004	0.00244982966269982	0.04983619446548592	0.14141449409597098	0.006831732662623429	0.028858262686744632	0.08174435930578187	0.1750795757116672	0.05438074376472984	0.13470538772672191	0.008994712535919873	0.0024399619619920395	0.1488522289294233	0.04064014233542534	0.001733525567681587
93	0.0005850579245446053	0.017454231655021253	0.010565819755359649	0.07888133518967122	0.00020955632847506416	0.006605873604874014	0.09437240517510093	0.0035228168666434382	0.062290828109227016	0.015978571544037368	0.06313657226804158	0.0099276064697429	0.2382299492307897	0.017229976228961774	0.03953857717771397	0.006634203148994051	0.22997332113404886	0.0053196485881887535	0.0978220774892946	0.0017215721112693386
94	0.0006222436098266258	0.06012139984076305	0.05523974368005365	0.032558852719817816	0.00022287551509337196	0.07302929298483726	0.1443729902375019	0.13086468473612134	0.01735844609885135	0.0047712723763927364	0.04270370666744138	0.013003171194178176	0.02113686510948808	0.04521543390451644	0.1545021129945572	0.009500442515624024	0.10280477270842142	0.039881826512116685	0.035591416050778334	0.01649845054361917
95	0.000650884051461827	0.001518384085252062	0.04243973561599724	0.04428583937166066	0.0002331339622371292	0.18378862785594688	0.08709078693880283	0.11898842430884972	0.023271604220631462	0.01266216624766933	0.016541221693877582	0.03150133800326282	0.08348001183289094	0.0703104458367468	0.11814288506231843	0.004823537236944365	0.05895184636558814	0.04171749522206738	0.05512926779714558	0.004472364290648891
