0	0	0.030660569686334578	0.06427620277441967	0.015247436507834174	0.06352707946627215	2.483769197344741E-4	0.0160024739235227	0.182686415772577	0.08590395704629178	0.054760296486667075	0.04618146792136362	0.012174164620302933	0.05807954462034548	0.0371767663673579	0.17570606634951405	5.503159750463345E-4	0.06234888727421369	0.087324844819228	8.565517245189134E-4	0.004248086087705501	0.002040495656750042
1	1	7.108702045548598E-4	0.02400039099086028	0.02400895487295793	0.17962693590760254	2.546198313693243E-4	0.09739470092045648	0.053225781495364326	0.018244166382333647	0.12874841812028795	0.08644085559121754	0.018065677938651502	8.914276045686858E-4	0.021354644783756538	0.11868171307151444	5.641480734841984E-4	0.03598842714618683	0.025286285688922192	0.12934498951258527	0.021111414292437906	0.01605557757088762
2	2	6.73264875362018E-4	0.012150677233605066	0.0597691620395163	0.05109866146991702	0.05314156584397667	0.18217318713625877	0.14827588422739302	0.06224439558148129	0.08226226167518114	0.01574257902926574	0.003884892192401658	0.02200443691688545	0.13131584776739588	0.072728089506279	5.343044059891381E-4	0.007634416642951141	0.03717373454620809	0.014056734033217836	0.03321971558128813	0.009916189295426717
3	3	6.859656287364211E-4	0.1848546169737879	0.0016084863397841914	0.24609667298645407	0.008330452196512178	0.06164357115363467	0.021716980053370125	0.09845252854507426	0.04339032828287834	0.0025649658684664682	0.028212436536102524	0.05475854871422463	0.0017420847261131966	0.11991366157037352	5.443837502942693E-4	0.018558105771671423	0.0190105726355994	0.04666091700178183	0.03654130391272115	0.004713417352419503
4	4	0.009114601731187817	0.010064704881957437	0.04648083568413862	0.2557456616506924	2.553329146341703E-4	0.07246224056117358	0.01696730163028179	0.11071440808748557	0.07589796410275253	0.1482957051111226	0.0769284570622178	8.93924119090831E-4	0.021414450179668296	0.051800165309554905	5.657280154232581E-4	0.013684573816692623	0.05616348444512288	8.805401427400954E-4	0.026771698953575302	0.004898221600487592
5	5	0.02209547315312108	0.026826662000670347	0.030370204180108565	0.16009819040252027	3.220821692534796E-4	0.15146141228080287	0.060262703831074994	0.012479888750959421	0.032150479910625786	0.08108196232114122	0.015786818493231748	0.1459686942427266	0.14005932277299896	0.01941656919398175	7.136209081232346E-4	0.052589094447843876	0.03198596787709785	0.004643440644157445	0.0019759860786322772	0.009711426340928328
6	6	6.50884051461827E-4	0.0143038560553331	0.08335324592025657	0.013600706643466166	0.002790228356253337	0.05081971936710408	0.10243335330290007	0.16245902900712528	0.09998443604111769	0.0075479774596369145	0.05489763760412069	8.162052750683277E-4	0.0016529912243722902	0.019168557956422642	0.003073637331589057	0.1505779176958682	0.17402109409631747	0.003361079311824268	0.039786701433048334	0.014700741866713721
7	7	7.189010739893961E-4	0.0016770543803685935	0.07229344852411204	9.004262447876764E-4	2.5749633204141413E-4	0.14650825076370763	0.15832653138259015	0.26416518768719016	0.008757617916682553	0.016809664941181853	0.02956700755258252	9.01498273808671E-4	0.018771583934125553	0.052239064381730385	0.01751637743140263	0.15219167991198443	0.0029774761360572407	0.02630678496082699	0.010052677588600342	0.01906127058222983
8	8	7.250443223451049E-4	0.0016913853668386258	0.027336116018931215	0.026544116699819847	2.5969672368867687E-4	0.1733962084217227	0.06852927610923756	0.12115192284169633	0.003135566666277934	0.065376857135104	0.2064231955437396	9.092018758599473E-4	0.10438531339717769	0.02704946851665758	5.753966828554579E-4	0.07088733230062481	0.005851363659711737	8.95589158466294E-4	0.07280434908992417	0.022072599469320744
9	9	7.189010739893961E-4	0.021447219764130953	0.0016857150106750418	0.03761644767177491	0.020027661715803773	0.08719775461242056	0.011462445674641194	0.26416518768719016	0.028527783300444913	0.04222844900601917	0.032391316893120005	0.02349597299810851	0.041366058658425395	0.2019274594302168	0.003394830728715229	0.05051654365263514	0.04816642558465692	8.880008959896727E-4	0.004404058907525382	0.07837176673351691
10	10	0.03190714382997317	0.014564556678979143	0.03279843897090734	0.006037492529525695	0.06012247696624315	0.08559405096449185	0.02358560135136314	0.15760889151566942	0.05754384667707877	0.06236324058421128	0.03246489873182092	0.011245880293309756	0.00949421768209408	0.1340807105257536	5.259573965442113E-4	0.007515150271364238	0.036592999089262015	0.039874134305136574	0.0743599463692603	0.1217203652670114
11	11	7.397951783112876E-4	0.01335137589912785	0.013360288241553898	9.265961874591493E-4	0.008984164963898535	0.1362343845076948	0.05248511854770079	0.19337020834889276	0.023544123498485357	0.07251972374279367	0.0071751821684672866	9.276993738771923E-4	0.0018787907536450235	0.13223000084098713	5.871029928431944E-4	0.0984870726945695	0.04084714736131315	0.0822928675766012	0.0335960074905021	0.08646234963127618
12	12	6.362416811371497E-4	0.0214807837128802	0.0364858665838435	0.033291300807613916	0.05021928282334937	0.11466528401699233	0.1326234053285813	0.021327997999160655	0.06524076770663152	0.1198588125124256	0.06366093206761404	0.04079095859537073	0.11159687096292405	0.06622916343976083	5.04922722015944E-4	0.007214596003988556	0.002635125319591255	0.05077729184329	0.03639208506859298	0.02436831080423614
13	13	0.0053416413257386065	0.07722387390715267	0.008521972372607883	7.553575371497009E-4	0.11868009156181226	0.04708712633673791	0.0025078730265018353	0.05101695425867104	0.10685649586264294	0.07570276248934274	0.04138840427503763	0.022079791387125177	0.23372118106052636	0.02486851573138054	4.7860403132384476E-4	0.0020999777607791027	0.04988340383613692	0.019699186972168256	0.041603021756168895	0.07048376451099571
14	14	6.73264875362018E-4	0.1549817991038098	0.012158788082781393	0.008778329063930428	0.01875629576411257	0.055212189918299015	0.06363521941541984	0.07017945790760377	0.055812053921439515	0.11889838926885804	0.022400037620020786	0.01671439536613713	0.07312539070916434	0.006602570121924956	5.343044059891381E-4	0.00498939586757698	0.002788464466343988	0.051087024888456095	0.15489067124849956	0.10778195798427069
15	15	7.148630850129809E-4	0.02132675306834244	0.035377592566860176	8.953686487121124E-4	2.560500032099929E-4	0.10917553835127297	0.1265443279816566	0.158768917016669	0.0030915363257646576	0.19364731356211615	0.09399517945832528	0.006513325661874045	0.015857700490359335	0.012627406211585384	0.003375762334529536	0.030573679213319233	0.011386088485545854	0.023350577114188427	0.0015708762858539697	0.1509511441348019
16	16	6.714887736054012E-4	0.0015664508371006879	0.06752561770394189	8.410421638116958E-4	0.01870681584755469	0.19488282190043937	0.1241423381854216	0.04097584741079787	0.021370259062380294	0.1423271180630496	0.1120344106390452	0.006118129684518501	0.09139878445306118	0.048793841802633256	5.328948879394477E-4	0.015528406012561955	0.0027811083769084984	0.003467479376731553	0.0014755633810000636	0.10485958143749731
17	17	6.822882077839245E-4	0.006952584332871676	0.09273585262812335	8.545684949232039E-4	0.05117331750837486	0.018425579262802836	0.10469513508290673	0.1676169574954763	0.048518655859018704	0.14997708026360984	0.06022683461927407	0.014257937292526543	0.1437976699917859	0.014732470906144173	5.414653413745418E-4	0.02381955741632814	0.002825836446893198	0.07857641387800633	0.009540705423201134	0.010049089548574591
18	18	0.00889051434318225	0.0016220793345796403	0.031679447057844916	0.009066088988646767	0.013907687687824794	0.10072970838065619	0.2241613618982042	0.02057718826088047	0.005738810464174564	0.08455179341577831	0.04498813855654371	0.006335399421729708	0.0591321347559809	0.10242943299954367	5.51819287753459E-4	0.021543310568097416	0.03292886332676476	0.12105485556805935	0.001527964242792779	0.10858340144096218
19	19	7.209372237243017E-4	0.03566950819197733	0.004522798132222724	0.023561445780481895	2.582256411316285E-4	0.09877396019294528	0.17293650426960608	0.1402918041564209	0.08242244725831865	0.022521892413366464	0.0296507504440155	0.023562520845819966	0.04148322010444194	0.08637472541194748	0.009069063249836628	0.036498078814856214	0.028476687174468978	0.009387441957606735	0.049733471062985604	0.10408451767382575
20	20	6.953349810093888E-4	0.0016220793345796403	0.02075254124161443	8.709096264739053E-4	0.06034703740680434	0.09253452901848333	0.13674611536836034	0.1325779728772429	0.03851952791286602	0.04903934951302925	0.07230540309711991	0.003603672967672086	0.11649839029119093	0.0532583568265065	5.51819287753459E-4	0.05432402801678886	0.030197136872707135	0.006322344497639292	0.012454870059023264	0.11677858080313504
21	21	7.08890444470714E-4	0.004438682656474263	0.007232203788191699	8.878878944198754E-4	0.01139383511942959	0.030283912122295878	0.234101320191396	0.18807720381581972	0.061550309812315185	0.022145554145139336	0.05143513856547087	8.8894499553806E-4	0.010155248102161068	0.026446810448014314	0.06461714222876214	0.021963294557422817	0.14775503225545372	0.006445597767168821	0.026622581602381092	0.08285040948767489
22	22	0.00343644887336239	0.001626522549255563	0.10846408197350038	0.02004775980066933	0.0933828512606398	0.010611723723172452	0.17820882995435763	0.15759401470272608	0.03862504095904289	0.005346330961827885	0.061546625826818545	8.743349575477062E-4	0.02368439012829351	0.06162187028187688	5.533308362366525E-4	0.03803757754928278	0.04945431771909109	0.11864724092072583	0.004271358880900128	0.023965348140672516
23	23	7.312934678204317E-4	0.027562915645872415	0.018952741482690043	0.012407926543946218	0.02611888730109226	0.1059388349012693	0.3305624460991947	0.12506912403160805	0.037638528406106056	0.014226434715338842	0.007092725127243111	9.170382723581803E-4	0.04782511485101637	0.030155602150367437	5.80356017707642E-4	0.02265739927366575	0.0030288017749184734	0.13880705358970402	0.0016069812397407114	0.04811979510834004
24	24	7.069216809501797E-4	0.0016491088197101724	0.015543857737781625	0.014771654614851564	0.03913465683848024	0.14962140662709503	0.15568826053199486	0.15422790880628698	0.03082965769974069	0.12761941827231824	0.015188085735450031	8.864761761420198E-4	0.05178574228669346	0.02915060765651079	5.61014516935599E-4	0.03578852967802525	0.0029278610246194704	0.07308161325238263	0.020994151088652248	0.07984306695537897
25	25	7.168763932957999E-4	0.0016723311997406936	0.0016809674386369599	8.978903247566878E-4	0.0706656481952255	0.002461522295883957	0.22828950471551243	0.2662375598007804	0.03126379401552371	0.10970204068074803	0.018218316030299365	8.989593345633005E-4	0.08912759355259234	0.08025549145296515	0.003385269679937942	0.04474156096302209	0.014234510836294234	0.029049050795867955	0.0015753004312657258	0.004925811863087781
26	26	6.804642436069769E-4	0.0015873888379280888	0.0069421955377290834	0.04629846148919583	0.11519582507987292	0.007683103838654498	0.08570212118249851	0.17786208455779712	0.12056817382892511	0.09878335921540878	0.027986175230399788	8.53298684888682E-4	0.012421331596076356	0.10023883243720322	0.01390654063846929	0.013062662245786671	0.048264459641561286	0.0863862688718122	0.0014952865325733652	0.03408196630961228
27	27	6.822882077839245E-4	0.0015916437865201262	0.0015998633401469895	0.04642256313891139	0.07261707969378106	0.005023227896923959	0.1288193675414887	0.17029742776865206	0.11553041268841308	0.08296532343421546	0.01197836970211011	8.55585926647666E-4	0.01781556715252445	0.12463175210635097	0.016624286980429195	0.002375795230921935	0.016228187812772077	0.11074205715611564	0.05778917034036509	0.015410030094926142
28	28	7.209372237243017E-4	0.01867565625399229	0.2622628858583292	0.009399902498827696	2.582256411316285E-4	0.002475465877696724	0.23524729470888459	0.0779810137171424	0.03144089144436354	0.005528040475381421	0.026818441787684662	9.040515951732465E-4	0.03015398547911858	0.04672240422331571	0.006236754593505787	0.10730579522312722	0.062464391050439064	0.07169823239688522	0.001584223905361317	0.002121406045915503
29	29	0.006331754090624084	0.0016676345487035805	0.10278028463419342	0.012129150659934319	0.12944454313226536	0.016496836758689785	0.21079769306582313	0.12225912548019685	0.07330267389590345	0.011098355879755288	0.07714450644149196	8.964346562629411E-4	0.0018154729763315792	0.11934833531819634	5.673168317239846E-4	0.010914560693680372	0.03666209801079582	0.05424347764504949	0.009996212794270624	0.0021035324861076754
30	30	7.128610535928927E-4	0.001662964204362512	0.18370926675152238	0.006494021548709619	0.06746925833539356	0.10046804281982331	0.22140965811842495	0.12191672899094547	0.05069274206996775	0.016668434495468783	0.015315692093188362	0.05130436818466038	0.03821793153485815	0.07700538734233968	5.657280154232581E-4	0.010883993590827649	0.016955361283013237	8.805401427400954E-4	0.015569378050115403	0.0020976413746226176
31	31	7.030167791423065E-4	0.012687621597032872	0.062410390511552644	0.10859484700001826	0.14663280028082934	0.01622346053009564	0.07749491299462191	0.09537596672598297	0.09418318781676455	0.09377160628809787	0.03443752836934887	0.003643484984945435	0.05149968763010751	0.015180057528599782	0.05027221522169133	0.06597180149447654	0.008435499144915553	0.017439813513585346	0.042973427650191326	0.0020686739379999924
32	32	0.005947574966760166	0.0015664508371006879	0.08862996247656095	0.05360190409535934	0.10048615184145353	0.09463718423049884	0.03972495909494538	0.14385952817731576	0.11897785363574342	0.02889126491022217	0.0249789884519916	8.420434913637362E-4	0.006981405362584954	0.08045035896156184	5.328948879394477E-4	0.08411752652357388	0.010695237666640645	0.037762039632237517	0.0542364253125477	0.02308024544359847
33	33	0.005750368604172986	0.06017767515184912	0.1265003772131195	0.14619577872609962	2.325393372015828E-4	0.0047797978804477136	0.0026997683736944608	0.08552749530785307	0.07422369510629614	0.06874246195193773	0.03690361082963582	0.05692671495973161	0.1087728134216312	0.05737825225947461	0.020919804175720858	0.02521581317456479	0.028194617339453498	0.0645662427907304	0.021831216194389647	0.004460957201995721
34	34	0.09490820030085201	0.04116862952820068	0.12056713760446441	0.013195792014061054	2.2619319405532722E-4	0.03442094183419509	0.07705505904265159	0.07823146549633055	0.03746456542214603	0.03957581543247557	0.023491660165734982	0.028082527524804803	0.12317109512886032	0.035964638993498985	0.007944061536958943	0.00467993287550059	0.03734903123281021	0.17444764340688168	0.013792531823232517	0.014263077442284697
35	35	6.073953673736732E-4	0.08970791190236733	0.09687395719223797	0.0795067726428053	0.04555616766217443	0.09992154873624434	0.0430919513894392	0.06331338404510355	0.014557988795540473	0.061927242026192	0.010663538051437315	0.010306641318505914	0.14471710642194993	0.00595660140841396	0.03388942743621962	0.009273738903638957	0.012060623030207576	0.13199361300835072	0.01803841989405473	0.028035970767743026
36	36	0.022404352618970023	0.08859005343191587	0.21690538065525908	0.04918989220643583	2.2071727433036926E-4	0.03358764393091956	0.05098059173911811	0.049707614681883186	0.03897848816037806	0.04588043452185713	0.039869276555425714	0.09760888795159849	0.0790338760428282	0.08109114266211923	0.015014454971651292	0.00456663620072016	0.04612846246831251	0.01286568398333193	0.011037724048550619	0.016338685894394668
37	37	0.014442369344680161	0.0013711277552066643	0.0845058655444256	0.13004586006890934	0.002519625686137587	0.05281841255053297	0.10635374403545776	0.13515787623651954	0.05796029664100871	0.0021977543299859566	0.01262791493892676	0.007664352589428879	0.11694775958700941	0.06810978260694066	0.016630158520466322	0.0413013650064309	0.007052531009885797	0.09078097441276349	0.0036006747749861316	0.047911554360297426
38	38	0.05647373470852145	0.006582079874639256	0.004052233872200583	0.03633581387175162	0.06113441997085936	0.050432834809606114	0.0559762445869145	0.0241903606236303	0.13475005175156266	0.040479673542982514	0.011340040245823621	0.013498129273067762	0.047317702818816865	0.04186127778630735	0.07410380905987611	0.04285122923304194	0.03058914999946579	0.2367972249916809	0.01410753459996934	0.01712645437928202
39	39	0.01794643300482892	0.12483205188054255	0.12062680314677968	0.17429033989311774	0.03413004683413778	0.02477765246996151	0.017119477647890024	0.14988331795988358	0.034170661167906555	0.05463298194703067	0.01885003665780472	0.04774643230331848	0.015381325652659863	0.05271137664888293	8.520893734013617E-4	0.04592056097522275	0.00866512606503807	0.0013262537438963596	0.01501395026545028	0.0411230823622462
40	40	6.804642436069769E-4	0.00426069339770025	0.05238837305385582	0.05966498428805663	0.0055903381292143174	0.05312928135478123	0.016196202628422335	0.1992485210359744	0.027002514236899484	0.01858422242224394	0.06541243906721005	8.53298684888682E-4	0.2637119602146595	0.04142613212221568	0.027273063437330096	0.06385544888145772	0.013511500364523194	8.405229591030535E-4	0.006841895652117687	0.07952814382573901
41	41	0.019926286487269546	0.004377723273587265	0.012626345322512717	0.02010282564611485	2.5042359505535595E-4	0.08754939812415324	0.019387802188129365	0.23493541022760212	0.005770336425499261	0.03282834691611096	0.23750659644562458	0.0036234696233230983	0.21327402879605895	0.00960320019360956	5.548506883603511E-4	0.03264859042060723	0.022122824520496503	8.636098814422933E-4	0.0015363580627184446	0.040511573161724414
42	42	0.014393285770798394	0.001626522549255563	0.03176622369144835	8.732952301563257E-4	2.4973763243378317E-4	0.08730958200522448	0.12616385469153663	0.09733141176682807	0.052321087080837894	0.03821684165413589	0.08893871807040855	8.743349575477062E-4	0.27295242954496257	0.028751359589568867	5.533308362366525E-4	0.059951251344154785	0.022062225475501084	8.61244273288799E-4	0.04809870647064414	0.026704557365031516
43	43	6.459289475893861E-4	0.011657334943814898	0.004052233872200583	8.090283875221276E-4	2.3135914075166772E-4	0.2204538796269901	0.03567522431021194	0.05464189103868415	0.20834125025460945	0.012565770662516487	0.0088024127112358	0.010960501738479941	0.25540316065501817	0.031710767647956065	0.05887804385234918	0.022550208956339374	0.005212874653587581	7.978642750135907E-4	0.05217194761878665	0.004438316706342917
44	44	6.822882077839245E-4	0.0042721140596959015	0.015002214706025866	0.006215509041274755	2.4438231803512674E-4	0.01574510898962706	0.024281026887633478	0.25339200623710106	0.13965464514699505	0.005231685512117974	0.14868235363407467	0.0035360561998234413	0.12771484835273125	0.03885670336472615	0.005902405887726092	0.021139087143152366	0.04303289054452983	0.035688889507193934	0.006860235150025359	0.10386554910972673
45	45	6.896829058925746E-4	0.023285065677354708	0.00432672423610318	8.638303815585389E-4	0.002956552394428309	0.005077670071660278	0.1708583444924697	0.14504791149670693	0.08155876249062045	0.037802644246831565	0.10423192125585576	8.648588402952852E-4	0.0992942969933439	0.020311185569018567	5.473337891801499E-4	0.043044365901464876	0.17084679237672426	0.011689995793483886	0.028610758485889315	0.04809130260111784
46	46	6.859656287364211E-4	0.00160022248411842	0.009693239037857845	8.591744782198833E-4	0.0029406170644630755	0.005050302267119089	0.2292256326372606	0.2439780771104	0.029915740452755583	0.0025649658684664682	0.02282260140405342	8.601973937335984E-4	0.16343713868758628	0.01211695892939145	0.05713765263680985	0.12096497328060438	0.008230902371501191	0.017016823775511763	0.041931139044770256	0.028967675446640466
47	47	7.419515826247667E-4	0.001730826669596308	0.039633031798590644	9.29297091809528E-4	2.6575257429788964E-4	0.011292222440359686	0.035148905605464034	0.14729598988468384	0.006123551414164214	0.04649730897095854	0.10047183054979147	0.0038452701714287714	0.36041286851807114	0.03933969998229635	0.023907747740272302	0.07545521596045832	0.011817544574431309	0.03006514011802339	0.03660880205079509	0.028417042301882477
48	48	0.027195405040430283	0.06257157508175326	0.025451210941350506	8.455031111024528E-4	2.41789875738044E-4	0.2330449907103937	0.0028071665957799144	0.1181022146757738	0.008223431110837632	0.02374043529997308	0.1921897130277387	0.0034985452140410475	0.04945100266019619	0.08883317976454373	0.013795898721593518	0.0659994436006696	0.005447895037273797	0.022050119383208385	0.05187206369504218	0.0046384164525602525
49	49	6.915566935807186E-4	0.007047031120028582	0.007055362331478602	0.014450591769136932	2.477021087304007E-4	0.195273267968911	0.02461087042042817	0.09653809762428454	0.1007985283433799	0.1003936561275974	0.12081640453346074	8.672085604827539E-4	0.10771471664710563	0.04210143182016234	0.01956700107721838	0.026860015048881823	0.051768115842122805	8.54224573792182E-4	0.07759238262789023	0.0047518347613269415
50	50	6.697220180590347E-4	0.03839775924548245	0.01735701032769942	0.07187858696127608	2.3988135416267141E-4	0.23909880159929592	0.19485546467958256	0.10401448702920361	0.02394513386387147	0.028815249041412312	0.019651061910623102	8.398279889352131E-4	0.0648472835585639	0.027616643135240638	5.31492787061659E-4	0.007594242783082166	0.05276473157600193	0.07976031802113914	0.004102783158788649	0.023019518960518143
51	51	0.005649502353124985	0.0064996119039808726	0.009013129118259768	0.0033047251148811173	2.284604036967481E-4	0.0021901230694121344	0.02771074397191327	0.12161476953364961	0.04786341793926593	0.02243166475028296	0.08136128799100509	7.998430810001819E-4	0.4677048254144147	0.0613834563184012	5.061879741252172E-4	0.03730267271686611	0.012665061216993628	0.020834533127048752	0.013930778958650697	0.0570052050430271
52	52	0.008237906812198844	0.014159032128610043	0.011635589683202783	0.010931797695039934	2.3077352350416968E-4	0.02499313619314846	0.05077214871516906	0.024129129879263037	0.11669054187735396	0.004940351287295846	0.02902976625377015	8.079413459229141E-4	0.5255955411386649	0.03163050121713465	0.005573721596611257	0.009837108366349098	0.01026208836476642	0.03370150036936105	0.03685266407617711	0.04998875947645635
53	53	6.76845415734688E-4	0.014874384119010585	0.06540519981492056	0.07264311275777463	2.4243281616421537E-4	0.156551141425475	0.24213250236377973	0.11309808387660762	0.0029271230163368605	0.0158263008181886	0.017200990021198615	0.003507848151742758	0.08415063416189926	0.01727403357880249	5.371459302791301E-4	0.039584067308249336	0.008121468925159516	0.030086014954669442	0.038714558756477106	0.07644611178752994
54	54	0.05997415208127656	0.012379892748216626	0.0016084863397841914	0.17333389870379118	2.4569949843852406E-4	0.09128766437990472	0.0890899192039839	0.17660513795978622	0.021830987754681928	0.06993790501908026	0.03360227166815163	8.601973937335984E-4	0.034081095518407815	0.025591546759514208	0.0544427350707853	0.04820219899794148	0.04056991316379581	8.473183793644548E-4	0.039236221478745704	0.026272757880615914
55	55	6.62746997892562E-4	0.001546057998945555	0.28014991389154553	8.300930575122606E-4	2.373830380886463E-4	0.0621607533404314	0.06784849686347734	0.06908310049144104	0.04452534799704518	0.005081846392063485	0.00903160110776047	8.310813492828865E-4	0.1318681052744098	0.011706822933437859	0.06561845079671215	0.12988903786367997	0.06002629671332247	8.186382650358114E-4	0.0014563537610722084	0.05662787186684346
56	56	0.005947574966760166	0.0015664508371006879	0.21789407420885265	0.00875517145354384	0.0028785572680903996	0.02077197752633216	0.04763908838467752	0.10428888172865504	0.013456129772648148	0.07373799755203767	0.027617031548568982	0.006118129684518501	0.05710422419755521	0.03560362631974635	5.328948879394477E-4	0.1289642591653894	0.09247457366053949	0.08260877227405301	0.012027735767309592	0.06001284879568182
57	57	6.76845415734688E-4	0.006897121743460218	0.00956436318606798	0.0061659262948549004	2.4243281616421537E-4	0.02891494341666911	0.4123140997088543	0.08650720929143974	0.20235868240509602	0.029121738110772545	0.02251916493823219	8.487606932259692E-4	0.028309797533046684	0.03322855832990323	0.0031962333887959192	0.0023568428890142893	0.005462381466642728	0.10985863871017311	0.0014873343372420553	0.009968925324610212
58	58	6.859656287364211E-4	0.012379892748216626	0.03125257956605426	8.591744782198833E-4	2.4569949843852406E-4	0.2691522237375251	0.10256450703410666	0.08228302314892695	0.002966564792510065	0.0025649658684664682	0.1521786445732319	8.601973937335984E-4	0.16882697381963538	0.06062547511783338	5.443837502942693E-4	0.010473353073597768	0.024400407767648503	0.011626988643462661	0.0338463863466966	0.03166259301266502
59	59	0.022126050393190124	0.0015916437865201262	0.004280333613322765	8.545684949232039E-4	2.4438231803512674E-4	0.2945140173999077	0.06716855125844588	0.0469957952025664	0.01367254230773362	0.06956297206833659	0.11651671035596536	8.55585926647666E-4	0.009774156332997124	0.18628256838939378	0.07291416271712048	0.013097676323625037	0.002825836446893198	0.05981312196577591	0.004179764876849583	0.012729559821750365
60	60	6.73264875362018E-4	0.012150677233605066	0.0015787049812847481	8.432667378079434E-4	2.4115033649344173E-4	0.22184849876687118	0.04512007398780072	0.1706902473718219	0.08226226167518114	0.01574257902926574	0.12291082708423894	0.011424353815388807	0.16570111784726	0.10182331803539477	0.011114387507485784	0.002344375092202818	0.010723526792466473	0.0034766509317211893	0.012059549378294837	0.007271168520052555
61	61	6.679645351440109E-4	0.0015582294840342083	0.05929862376409492	0.034951196891961744	0.005487647065751265	0.34343926325032786	0.0631342452444921	0.040760789969617094	0.09473563240441825	0.028739632133924026	0.009102703225717716	8.376241143390186E-4	0.15914822521037555	0.009174788379677392	5.300980449633979E-4	0.06005826606600179	0.002766512021031139	0.05593323275122196	0.0014678190412226193	0.028207506401683985
62	62	7.108702045548598E-4	0.001658319946312711	0.004459642708978807	0.03998899187918021	0.019803931995348446	0.23423988606831034	0.07836061142048034	0.09085589727711324	0.1064063470757404	0.0473422312632593	0.04040774898319907	8.914276045686858E-4	0.11072292896194681	0.07958308874355619	0.028491736879168658	0.0527449804295975	0.014115250166648408	0.0036708398870052075	0.009940378770164121	0.035604889734866745
63	63	7.463023261887527E-4	0.01640077218605845	0.004681926048322293	0.0067986648501766256	2.673109257177343E-4	0.21073166593631987	0.13210967011534508	0.06020094501505166	0.02668317394625828	0.032110169308213816	0.2036795617995661	0.0038678185220784823	0.05173862307340374	0.15391679427663896	5.922670789385562E-4	0.04071416857631518	0.011886841691929781	0.003853806685362385	0.007503880899971786	0.03151563673814253
64	64	6.841219764049041E-4	0.03922336467400358	0.0016041632520574507	8.568652968796056E-4	2.450391381607312E-4	0.01578742671763362	0.12379024306177346	0.09818792019417157	0.05939975623253701	0.00793342108467581	0.2780903396351613	8.578854631293739E-4	0.2167513629525966	0.08733927862191677	5.429206239677814E-4	0.021195902128721546	0.027022501918574752	8.450410633587971E-4	0.004190998724345108	0.015451447239930319
65	65	7.355197565377105E-4	0.04794939522748106	0.013283076509274709	0.003810839502134498	2.6344881974018025E-4	0.054538306923254384	0.01750661717498433	0.11712312819841372	0.03785604886121391	0.046094233336616816	0.2411911773726899	0.006701534609225804	0.004757531148728161	0.041888270488374686	5.837100092275619E-4	0.07191151187381663	0.15330541721844662	9.08528622998311E-4	0.004505866596449937	0.1350858377503911
66	66	7.229849402289089E-4	0.0130479948902059	0.007375997891229972	9.055413023043578E-4	2.5895909321297115E-4	0.0053228504895454585	0.003006500226372094	0.06968144711399651	0.04857231517106562	0.008384095477909852	0.31661066385736025	0.003746972835099977	0.024558926626932553	0.03833405212198051	5.737623529229672E-4	0.0877281077076753	0.2983911453498456	8.930453687425996E-4	0.010109783902815415	0.061774853280553224
67	67	6.896829058925746E-4	0.007027937038121418	0.007036245675975395	8.638303815585389E-4	2.4703095455609413E-4	0.08636331326782673	0.05434892257796446	0.18027169021504572	0.16555392712665912	0.01883599416772606	0.16113187149317226	8.648588402952852E-4	0.05594195395538845	0.00947309980952971	0.003256855229052365	0.05659197310082595	0.11665636357927994	0.0035614314738672418	0.034029801365633744	0.037253216841628974
68	68	6.822882077839245E-4	0.012313524879223227	0.004280333613322765	0.0035350387680989793	2.4438231803512674E-4	0.29987495794625924	0.010878675521754602	0.135451314217367	0.008311601761382069	0.05884109097563348	0.1647651752731293	8.55585926647666E-4	0.1625609619040163	0.08174422773553856	0.008582876160901868	0.02381955741632814	0.0135477175395963	0.0035232462290846265	0.004179764876849583	0.0020076787290472654
69	69	0.0033270858619625244	0.006878830331995145	0.012191033619979525	8.455031111024528E-4	2.41789875738044E-4	0.11370339481805489	0.010763272988602503	0.17644699488980609	0.25486272928833786	0.015784328907150494	0.05693590434975471	0.019410757999686223	0.2165292369094705	0.014576186764866245	5.357214002225393E-4	0.012958734315185686	0.07705285257267709	8.338356690148196E-4	0.0014833898738324566	0.0046384164525602525
70	70	0.019393596162012104	0.009607302517244572	0.012288804657273404	8.52283973069088E-4	2.4372900966999577E-4	0.24560720965837682	0.12580168957908092	0.17786208455779712	0.021655905117355163	0.002544395063610974	0.046699307148804915	8.53298684888682E-4	0.020441245275392837	0.1082587461165197	0.008559931518924969	0.0023694440066980263	0.024204718603611838	8.405229591030535E-4	0.022881723010750653	0.1490340623798152
71	71	0.010991688770469613	0.022202232049818676	0.014459595484026741	8.236593724405122E-4	2.3554318688809019E-4	0.22444070807178756	0.04665447623306888	0.17188845217902632	0.044180251668229344	0.010209498458751484	0.09938478743358388	0.013742238044609797	0.11017789690311482	0.0968722355790489	0.04185819466148224	0.028125060521453336	0.013057706424887558	0.005979332577091836	0.006612105421663145	0.03810433695855732
72	72	6.972396490033892E-4	0.001626522549255563	0.012591759120935348	0.0036125044545153267	0.005728156081151785	0.04622144363983947	0.0412483687364076	0.2233350360873421	0.296110708048789	0.021781586307981892	0.07798188117297254	8.743349575477062E-4	0.10038224841034553	0.09723159019854388	0.008770958509313654	0.010645485305692773	0.01384459780242408	0.0036004534976478	0.0070105681052591295	0.026704557365031516
73	73	0.03732949246672534	0.029835882025455722	0.10588610549378258	0.009346955572471196	2.567711309379258E-4	0.2671989000576052	0.008613808274935214	0.05782728369048919	0.0228147287678092	0.03929316361646045	0.08862719309458694	0.00934802458227781	0.0553313325617343	0.18164427442553924	0.01183433492765245	0.01376165505473556	0.014234510836294234	8.854999701529241E-4	0.03537156142212376	0.010558522028230788
74	74	0.026286165665257315	0.004526934648529764	0.013056704719014062	9.055413023043578E-4	0.0030993125071050163	0.07917203925073865	0.22455406650995163	0.18329558366967832	0.0656144356544179	0.005543742064017805	0.015533201984803397	9.066194212079315E-4	0.17793801097710302	0.026972638466412326	5.737623529229672E-4	0.05364386674097076	0.017196157374533134	0.04917905340490737	0.010109783902815415	0.041892379383308906
75	75	6.525526902879625E-4	0.0066495764679933645	0.070748685016014	0.011071924204764935	2.337316360934881E-4	0.038131753891132054	0.025786459894451472	0.12442076874714467	0.0233312644662033	0.0024400280536617585	0.1729662708103092	8.182977396309741E-4	0.09651227479981635	0.037163248649320704	5.178671728173055E-4	0.00996320287519539	0.08730312703649153	0.0033696959424281904	0.003997602162901684	0.28392166774334177
76	76	0.008988733386301575	0.00716381052559336	0.03202942961863533	0.006404342178387297	2.5180688768227245E-4	0.03555679928013393	0.044352046565984835	0.07880453351166444	0.019611738352331144	0.019200156823664452	0.15319946640529838	0.003643484984945435	0.14816638138029897	0.015180057528599782	5.579155787357119E-4	0.08530514024451483	0.12443553164514531	0.011916002442145834	0.031925805507312305	0.17330681715262486
77	77	6.62746997892562E-4	0.004149757734952272	0.5092754906601367	0.01384859173754585	2.373830380886463E-4	0.054349654132411246	0.06003739765545718	0.170627390195703	0.005469851956944414	0.023307744544110505	0.087142593187962	8.310813492828865E-4	0.006890517946087363	0.03774382029350504	5.259573965442113E-4	0.002307750799350803	0.015763401201208272	0.0034223380010425294	0.0014563537610722084	0.0019501774107023922
78	78	0.003241129946342315	0.001534075185479215	0.009292556267941876	0.1868370711514957	2.3554318688809019E-4	0.24510886493612705	0.01565224093655969	0.04012895216886226	0.0648484085325688	0.05154581218743041	0.10455182664966874	0.003408159612440067	0.032672308661841835	0.055535921850369964	0.026357077013227637	0.08237897229034442	0.0027236279927178248	0.018896930617304	0.04794841915034207	0.007102101662048124
79	79	7.376512723976237E-4	0.013312683981979878	0.04230129321612378	0.07916916227988613	2.642122871148637E-4	0.28943211145193326	0.023353295410020788	0.12036052004827998	0.00898603192169998	0.01145214588339595	0.11727733502336543	9.250109268149964E-4	0.11199629240400469	0.07098938425420877	0.009279318400480883	0.07211990944126052	0.005953106197545166	9.111615137560274E-4	0.013212841288739252	0.007966532796992097
80	80	7.334005236341817E-4	0.018998514191199238	0.047820075255744755	0.08735676413525642	2.626897518807154E-4	0.25895152008254035	0.008812358111386769	0.14847966287579578	0.003171704355259473	0.045961423286197886	0.09931388362974586	9.196805095833567E-4	0.11711345386395386	0.01583612578046092	5.82028181585709E-4	0.08322940551027783	0.0030375285784103173	9.059109043924654E-4	0.03906815487713453	0.01944571559555965
81	81	6.841219764049041E-4	0.0015959216069458633	0.12792486497717978	0.22662152369922592	2.450391381607312E-4	0.2039246420529222	0.005532564851020628	0.020245359555266296	0.008333940641530101	0.0724376091996319	0.10339149682382189	0.0035455599679192107	0.00980042608377915	0.033585788526120035	5.429206239677814E-4	0.08570009024367763	0.024334827413784916	8.450410633587971E-4	0.009566347733924781	0.06114191382135755
82	82	6.610258849703709E-4	0.0249144857829502	0.011937758743564465	0.10210852282784334	2.3676656903535374E-4	0.23599417767477054	0.13259575074244156	0.05072512933353937	0.013246461357026253	0.05181353475342534	0.014202022776819138	0.029395242061361758	0.10036239490121988	0.048033554284920794	0.03688172476360778	0.012689510069360027	0.05987041213704663	8.165123121442353E-4	0.0014525717005190362	0.07206244132343394
83	83	6.878192449017565E-4	0.020519945006542268	0.08267882594088712	0.0224790943125475	2.463634275671007E-4	0.09693874142905931	0.07041525956172111	0.009545974480576588	0.016485579901495462	0.005274096690306639	0.03369307171898043	0.00896912113390281	0.03147098967527935	0.036469499317948476	0.38155602258744936	0.14561164274868646	0.01635974322897827	0.011658407089520074	0.0015114487842808858	0.0074283537193690265
84	84	7.334005236341817E-4	0.0017108787359294817	0.0017197140416920723	0.07583167383174325	2.626897518807154E-4	0.16386952507855668	0.1125381708430053	0.1369545725722826	0.017578067234650937	0.002742334648023499	0.012875706353397066	9.196805095833567E-4	0.004743823404700443	0.15125593684674069	0.2426089245553623	0.0572979523273732	0.0030375285784103173	9.059109043924654E-4	0.0073741565424733126	0.005039352716168188
85	85	0.030998363121356495	0.00989837767721178	0.02092401731650036	8.781058615079382E-4	0.008514008607337769	0.07952764002242936	0.24529367272096197	0.16397073344258578	0.0030319312303635462	0.0026214833200524663	0.015062588173651505	0.0284221355529027	0.029323454732397624	0.07573281244051933	0.003310677336393102	0.02722991753442444	0.011166563686574394	0.0862492396541269	0.05387225970078103	0.1039720178679216
86	86	0.011579156934947009	0.016344011474091983	0.02702846230936985	0.05094414475544205	3.2437400737872816E-4	0.26283242069043306	0.007323810576868307	0.06949424297425857	0.11065188572250555	0.04252260032623581	0.0372462343443626	0.0011356379541487725	0.24067565656235182	0.05513320102878991	7.186988160620754E-4	0.013826985926978822	0.02509787633903812	0.001118634999203577	0.023337128273874137	0.002664835983659367
87	87	0.0030818876051866614	0.016198224235192075	0.09972970861147007	0.13835205260828812	2.2397054119221112E-4	0.0561919909484658	0.007513458752220781	0.04307052069030702	0.007617383940205131	0.012164474879347253	0.015891062542787607	0.003240710813810572	0.18828861690181686	0.06017710600796096	0.13560851426282683	0.029199814274888342	0.024699092661274527	0.0695568145033477	0.05787556409712543	0.0313190311222861
88	88	0.03304804155571909	0.008960537856108435	0.07130161865082858	0.0706083554079941	2.2732114595743814E-4	0.17172614504587017	0.0051325228755616	0.08111491777742542	0.007731340189954563	0.027306480138930826	0.08594224051210446	0.008275866732835367	0.16866538258083763	0.013703946325150805	0.12018385912612436	0.01467661979109991	0.04002861610895044	7.839388611374009E-4	0.05624804654618565	0.01433420277122384
89	89	0.024181309582871017	0.010832657449329599	0.006123673344066652	0.05027205414900241	0.0544514662357184	0.02328397758471681	0.21236761938657883	0.12623578967370175	0.0851295694781118	0.006960612346870528	0.0034634864821749623	7.526901803300758E-4	0.1029229851516299	0.034183660754242465	0.05235471344561029	0.004448181387213599	0.044931927824679925	0.10685626158242509	0.03433249023474039	0.015914873725985546
90	90	0.046613391037776536	0.02080474585925765	0.05954663093301678	0.06129441141583909	0.012325236483733624	0.0021158939864710964	0.02919245716219226	0.0932838838357349	0.10918469957491693	0.057984953731260384	0.03502746887166441	0.037086291904582215	0.0645084529915443	0.07382843113647727	0.1384805509075645	0.04330109767081057	0.029182135575147955	0.06612556850470624	0.018300435574192572	0.001813262843110762
91	91	0.025174064648720764	0.05277440375606296	0.021466176623245122	0.13939421396889343	0.009151098997367619	0.015375729508069681	0.03591951131012363	0.03474334533373987	0.08522355925324496	0.017786474546059652	0.012232470694535388	0.22662994587969595	0.220651540125891	0.012293914042402878	0.004925424328977603	0.0019825474312746717	0.01354205600032681	0.016360820572189124	0.0526973404499121	0.0016753625292668334
92	92	0.027846870085692272	0.09224418279350798	0.008173400784773705	0.06207849527166417	0.04338223626414892	0.02016504835930785	0.013767152403014566	0.008027534372242186	0.11839237919568726	0.020341768532119157	0.044240250487079476	0.06207935780052886	0.20825475483959707	0.03294081306217104	0.10044337936238917	0.0020140830229782537	0.02284695058906583	0.06661324138477723	0.037628974659499694	0.00851912672975533
93	93	0.023733578925219486	0.03840543514974372	0.008324735934595718	0.01925344219257291	0.014097686596400044	0.0182239697886004	0.0024498296626998197	0.04983619446548592	0.14141449409597098	0.00683173266262343	0.02885826268674463	0.08174435930578187	0.1750795757116672	0.054380743764729844	0.13470538772672191	0.008994712535919873	0.0024399619619920395	0.1488522289294233	0.04064014233542534	0.001733525567681587
94	94	5.850579245446052E-4	0.017454231655021253	0.010565819755359649	0.07888133518967123	2.0955632847506416E-4	0.006605873604874014	0.09437240517510091	0.0035228168666434382	0.06229082810922701	0.01597857154403737	0.06313657226804158	0.0099276064697429	0.2382299492307897	0.017229976228961774	0.03953857717771397	0.006634203148994051	0.22997332113404884	0.0053196485881887535	0.0978220774892946	0.0017215721112693384
95	95	6.222436098266257E-4	0.060121399840763055	0.05523974368005365	0.03255885271981781	2.2287551509337194E-4	0.07302929298483726	0.1443729902375019	0.13086468473612137	0.01735844609885135	0.004771272376392737	0.04270370666744138	0.013003171194178176	0.021136865109488076	0.04521543390451644	0.1545021129945572	0.009500442515624024	0.10280477270842142	0.03988182651211669	0.035591416050778334	0.01649845054361917
