	id	author	decade	gender	narration	0	1	2	3	4	5	6	7	8	9
0	Abbes_Voyage	Abbes	1750s	M	autodiegetic	0.07506782429740684	0.09870381075929725	0.048697467745089595	0.2811985358440782	0.2054636995877642	0.050029546488706396	0.03910444993285301	0.11364955736978612	0.04600195230690322	0.04208315566811466
1	AndreSerieys_Comte	AndreSerieys	1800s	M	autodiegetic	0.15251633712277624	0.12857797705167293	0.10215065692773868	0.06060743076395572	0.09690917883706189	0.0735169317674928	0.09661586749337187	0.16175592635041064	0.06106319726868212	0.06628649641683673
2	Anonym_Enfant	Anonym	1800s	U	autodiegetic	0.026310492311173758	0.07630495573452699	0.1861829828914703	0.12375943428046775	0.034045409923728696	0.057342730480587085	0.0863629900843655	0.2658705275128482	0.08201716340343139	0.06180331337739999
3	Anonym_Histoire	Anonym	1750s	U	heterodiegetic	0.11721346532240008	0.17952718205887733	0.042873746225165925	0.036016148875082886	0.2860846645282639	0.057219383401928274	0.08233112897992642	0.07754313080091477	0.087636258672605	0.03355489113483498
4	Anonym_Suzon	Anonym	1770s	U	autodiegetic	0.035602561225875434	0.1707670733602438	0.1522309737414082	0.11906806056321856	0.09019680229765345	0.045228651141197895	0.0915594944397043	0.1521223962136652	0.08043525300357314	0.06278873401345948
5	Anonyme_Venus	Anonyme	1780s	U	autodiegetic	0.04155775098902204	0.11651485178722136	0.19119713694337553	0.20251679445735307	0.04953494814296565	0.02962906772270733	0.04549321735548032	0.1542161207045118	0.08236291402328831	0.08697719787407404
6	Anonyme_Zoloe	Anonyme	1800s	U	heterodiegetic	0.07830810244756628	0.09353957867926536	0.09541498593513481	0.24769125626170785	0.09170006551969621	0.11422755977135443	0.042625059532743675	0.10682640195059351	0.08230560873910912	0.04736138116282828
7	Arnaud_Adelson	Arnaud	1770s	M	heterodiegetic	0.01739191485913595	0.07979257691445317	0.0042537755428286314	0.03914511535746312	0.0314777852490118	0.34381407489783794	0.06292990534361428	0.09918705306515044	0.2666464932547849	0.05536130551571927
8	Arnaud_Anne	Arnaud	1770s	M	heterodiegetic	0.01231888639459298	0.08855821730467865	0.008329005533070725	0.029626781202325425	0.049456293956872635	0.37211410330096983	0.14601556433423096	0.04075119315287148	0.21899393081282267	0.03383602400756404
9	Arnaud_Bal	Arnaud	1750s	M	homodiegetic	0.013295389623762734	0.14760272999853422	0.026533877270122824	0.15585822427475785	0.028963245860379003	0.11991161843493331	0.04275309172171999	0.09707141929297386	0.2983765714837386	0.06963383203907718
10	Arnaud_Batilde	Arnaud	1770s	M	heterodiegetic	0.07582768748044288	0.1113655975888866	0.003791126418277469	0.015364934227568256	0.049406746279772575	0.2174428251323497	0.054137400849910255	0.04771022597773381	0.3997884595936325	0.025164996451425403
11	Arnaud_Clary	Arnaud	1770s	M	mixed	0.022662673722923566	0.07862720314042991	0.006349724105389451	0.05298911195630356	0.07961918112291713	0.27495975336895545	0.10632062443998445	0.0793985592867891	0.25355971508995395	0.04551345376635287
12	Arnaud_Epoux	Arnaud	1700s	M	autodiegetic	0.008840355901255344	0.1153989914010127	0.007473436816623628	0.027751209769985755	0.053652896499897816	0.2883633865808085	0.08993824033075042	0.05968533330232204	0.30925120840554116	0.03964494099180203
13	Arnaud_Fanny	Arnaud	1770s	M	autodiegetic	0.01261160633992292	0.08224667659526269	0.010515362618752367	0.04919894979038658	0.05314933472149135	0.3188889908826591	0.16298515505331393	0.04934069699704493	0.1941567723475493	0.06690645465361635
14	Arnaud_Julie	Arnaud	1770s	M	heterodiegetic	0.011577935939822447	0.10787962874791011	0.009920465855724469	0.09053042317746601	0.11651769746268055	0.2642490800891748	0.11481506390540584	0.03634029686601991	0.20312784427764416	0.04504156367815126
15	Arnaud_Lucie	Arnaud	1770s	M	heterodiegetic	0.004217749029607946	0.053806166214423294	0.003239729580021423	0.023967506875432705	0.028247720320793725	0.33426167964155407	0.06544063426636895	0.030937229539924147	0.33920255628014845	0.11667902825172473
16	Arnaud_Matinees	Arnaud	1790s	M	heterodiegetic	0.007065187324407199	0.17489217415622219	0.006053530397352504	0.03681795165959812	0.052631831147343086	0.15463084863793744	0.10192366040541186	0.04346322658969033	0.35731831084726184	0.0652032788347749
17	Arnaud_Nancy	Arnaud	1770s	M	heterodiegetic	0.024731784811236283	0.16614958512074993	0.00882629950071155	0.052621723234215115	0.052814542688596144	0.24616254588833955	0.1293067371341341	0.07147172975344517	0.1929022521361271	0.05501279973244447
18	Arnaud_Sargines	Arnaud	1770s	M	heterodiegetic	0.14395434668003323	0.0949970475915733	0.03919659667669537	0.10158317082293174	0.052368659276093556	0.09627245075180596	0.1038610431500842	0.07908246769098025	0.24672148014754064	0.04196273721226129
19	Arnaud_Selicourt	Arnaud	1770s	M	heterodiegetic	0.009950988175301932	0.10508992670684669	0.008687269420581543	0.032519798270066395	0.06470164360474745	0.19194607272420497	0.021092335815644105	0.052004311479051976	0.3917934386107317	0.12221421519282281
20	Arnaud_Sidney	Arnaud	1770s	M	autodiegetic	0.04451077508558331	0.06005093607230884	0.006133426952230823	0.03974492572561335	0.11714861525883026	0.2702631958620192	0.12320290102348709	0.04896854961067045	0.25743648381444734	0.03254019059480889
21	Arnaud_Zenothemis	Arnaud	1770s	M	heterodiegetic	0.041031735877734996	0.09549387495465715	0.005026491036901473	0.04068234570535122	0.13388195696935162	0.3207024533982049	0.07050289628790984	0.032681416813690106	0.23930334310753024	0.020693485848667953
22	BarbeMarbois_Parisienne	BarbeMarbois	1760s	M	heterodiegetic	0.03525783305478744	0.17414142703120442	0.018988891540635468	0.26312761726021755	0.0733089932076708	0.049173795330360086	0.0447189108923408	0.08628460136339884	0.14105696021974476	0.1139409700996395
23	Barthe_Femme	Barthe	1760s	M	heterodiegetic	0.03421896704873003	0.12198815141150607	0.03835690552971751	0.26290921149779695	0.11305515485968771	0.08320959691500329	0.04017156320047985	0.06714395682432557	0.145627099622293	0.09331939309045949
24	Bastide_Maison	Bastide	1770s	M	heterodiegetic	0.04089765672092668	0.128948447624404	0.01792001238008863	0.27402134127060856	0.04266889334975982	0.051185991281829324	0.01907605904196367	0.1984697351133003	0.17828866816962158	0.048523195047496956
25	Beauharnais_Lettres	Beauharnais	1770s	F	epistolary	0.017078781363407167	0.15350769224905036	0.00477221393861924	0.019551112606281312	0.03030856519143854	0.23459391633020363	0.04989141592348258	0.038654230456575005	0.37902273966431327	0.07261933227662873
26	Beaumont_Belle	Beaumont	1700s	F	heterodiegetic	0.026967198821554465	0.06490680594831262	0.1097089934480202	0.08482907376806849	0.018288920192127297	0.1217343321743085	0.15593871251608885	0.16453723115203725	0.09550979093748341	0.15757894104199846
27	Beaumont_Clarice	Beaumont	1760s	F	epistolary	0.026006187215301606	0.1844770744376796	0.052364500202881324	0.04236563695036821	0.10836526072240998	0.07845603441783952	0.2129256517039656	0.10233810429521424	0.09149496905004431	0.1012065810042949
28	Beaumont_Prince	Beaumont	1700s	F	heterodiegetic	0.15148801237676385	0.1266809929453585	0.07146095198694964	0.07655780830514294	0.0668819198592491	0.15003437339797404	0.09161058500738399	0.12056761467219848	0.09163618671112002	0.05308155473785906
29	Beckford_Vathek	Beckford	1780s	M	heterodiegetic	0.26766835855936677	0.05837496313397678	0.11362992064764228	0.10752173961565158	0.030811502323273926	0.09999777105047174	0.030781883322136303	0.2013146381059215	0.050153205862592753	0.03974601737896578
30	Bellin_Nuit	Bellin	1790s	M	heterodiegetic	0.07989444407461864	0.05436700754347719	0.09589303745533255	0.12244289497869927	0.0481860484565991	0.08987571191768892	0.03563591480854064	0.3736635250744048	0.03813104622988599	0.06191036946075234
31	Benoist_Elisabeth	Benoist	1760s	F	epistolary	0.008332873887514764	0.21501309510987998	0.011741890323066854	0.049881707882439376	0.07138306933847524	0.08918321966876439	0.06758929571128136	0.040510564499175984	0.2788922259033184	0.16747205767608309
32	Benouville_Pensees	Benouville	1750s	F	epistolary	0.022840648971138286	0.24053772822406422	0.01875392616460276	0.051542034990279914	0.25470828069652957	0.062042464739465154	0.05224322071631543	0.040005615603757844	0.12763594346900864	0.12969013642483776
33	Bernardin_Chaumiere	Bernardin	1720s	M	heterodiegetic	0.2971302069996139	0.06442927318942344	0.06290568164136764	0.042482447849194756	0.15808693734284832	0.0681471588523843	0.06705466632377154	0.16249636912879847	0.039278884518192905	0.037988374154404314
34	Bernardin_Paul	Bernardin	1700s	M	homodiegetic	0.26473342795700927	0.048320882068802494	0.034165464038949905	0.0762992730429524	0.1568962635145384	0.05932943220088082	0.10660463132904148	0.1125438602971622	0.08600359359376375	0.05510317195689894
35	Berquin_Enfants	Berquin	1740s	M	mixed	0.06734641639086394	0.04169460434988317	0.19714571459249078	0.0848922927796132	0.034670232267705554	0.042627537232554545	0.12593111875657537	0.16417025789336864	0.05380342931317162	0.18771839642377278
36	Blanchard_Philetas	Blanchard	1800s	M	autodiegetic	0.2465538207402659	0.05512970872501514	0.021700448554568447	0.06847312939966652	0.023905965918451025	0.09834544328797683	0.08029840149442301	0.10632869065449857	0.2698748829459171	0.029389508279216957
37	Boismortier_Histoire	Boismortier	1760s	F	homodiegetic	0.05662547011254453	0.07427108303722411	0.35420425056013227	0.053872207814722226	0.02989062804541307	0.07212864026023892	0.05359868381206801	0.0696827150423529	0.10078772872546464	0.13493859258983867
38	Boufflers_Reine	Boufflers	1760s	M	autodiegetic	0.15356319195918358	0.09220481409727907	0.01823592136332805	0.12273466737006923	0.07666779121191891	0.05308651375775553	0.17080308426395646	0.14009266226228376	0.10587412479909937	0.06673722891512553
39	Brument_Henriette	Brument	1760s	U	heterodiegetic	0.02352140058732054	0.10812836772947877	0.01715986037054204	0.059385064167155596	0.06146257060397275	0.20760871698496558	0.10840979765472468	0.20065691863915125	0.1430451656226973	0.07062213763999105
40	CastilhonJL_Zingha	CastilhonJL	1760s	M	heterodiegetic	0.26358704132493566	0.18195988080538142	0.018337838925994512	0.02428204198080548	0.09965352500503126	0.2324823942919509	0.03914267724222555	0.03342196901047383	0.08779997072590677	0.019332660687294147
41	CastilhonJ_Robert	CastilhonJ	1760s	M	heterodiegetic	0.193938058888843	0.17878341560800437	0.0472339006057423	0.04735535452379302	0.05227964302459908	0.15100203089040376	0.08402071754319834	0.13448994725044372	0.07116521379402659	0.039731717870945496
42	Cazotte_Diable	Cazotte	1770s	M	autodiegetic	0.05134744437990519	0.15342071321658343	0.042240003841509534	0.12403565194084477	0.06986012063524752	0.08896805361816508	0.05223725628463348	0.26189952704037434	0.10958687551564562	0.046404353527090665
43	Cazotte_Honneur	Cazotte	1710s	M	heterodiegetic	0.1458966980945441	0.2004780314961813	0.02727090336316033	0.1300444876219915	0.04142698865995235	0.09055139241963157	0.05525384262040969	0.1521950511814528	0.11932600960160356	0.03755659494107233
44	Cazotte_Ollivier	Cazotte	1710s	M	heterodiegetic	0.17839130509945067	0.1345473471647033	0.053210658400367886	0.13765893686932604	0.043764770385555755	0.11516598939578095	0.03792325372038364	0.1856142789629406	0.06745362592781914	0.04626983407367167
45	Charriere_Caliste	Charriere	1780s	F	mixed	0.014579610467006282	0.13591160084087525	0.017749596079485317	0.08240065861485871	0.0499395556947552	0.05052830676194985	0.15430140942568618	0.12356593495819783	0.13037750829174416	0.24064581886544073
46	Charriere_Femmes	Charriere	1790s	F	heterodiegetic	0.030880767945935104	0.14412007100254906	0.04405387458618332	0.09644533183362577	0.12853612284702823	0.043578667592446066	0.11313021097624316	0.1351526274408765	0.08283305700837054	0.1812692687667417
47	Charriere_Lausanne	Charriere	1780s	F	epistolary	0.01914856394540846	0.1265124655825839	0.03686949920273349	0.12391604167280502	0.08183827631300906	0.027999152648699368	0.14422492502789533	0.09252579677766666	0.06929529867373578	0.2776699801554625
48	Charriere_Neuchateloises	Charriere	1790s	F	epistolary	0.014374810420533115	0.09355945492358494	0.06952874521146309	0.1348913813687747	0.036433702952756095	0.02140317863590516	0.10097207785798294	0.11994971310358649	0.048365017083586224	0.3605219184418269
49	Charriere_Noble	Charriere	1700s	F	heterodiegetic	0.03171795170960325	0.12454931612407681	0.021701579234100026	0.11404008084595764	0.0937072584340896	0.05186222415392498	0.1313870525232225	0.18817267579384186	0.14555999960378777	0.09730186157739504
50	Charriere_Observations	Charriere	1780s	F	heterodiegetic	0.10777761456043003	0.1477189952085633	0.0353012837601531	0.0589042786970986	0.16790458776144032	0.02203978509067362	0.2085302270489806	0.091272025745564	0.040739832631758274	0.11981136949533781
51	Charriere_Ruines	Charriere	1790s	F	heterodiegetic	0.024995454913732375	0.1308732801767595	0.0432806632275643	0.07072871114372949	0.060953902098566784	0.06568469051237959	0.2114978361534548	0.09143822125563385	0.08469360934309961	0.21585363117507922
52	Charriere_Sainte	Charriere	1790s	F	heterodiegetic	0.01902806151684701	0.1199252100705896	0.0323670624800165	0.09243778626224268	0.0901024408098036	0.03411106336265192	0.14198407760133178	0.12994691662843624	0.07077640037571137	0.2693209808923689
53	Chaussard_Diable	Chaussard	1790s	M	heterodiegetic	0.11325700046524545	0.0453310334083869	0.05735179739784381	0.1821394692778154	0.26197690666810886	0.10612565385472054	0.041872552104643544	0.09854588242860694	0.0700949232930417	0.02330478110158643
54	Chevrier_Colporteur	Chevrier	1760s	M	heterodiegetic	0.03792990913937604	0.17302003645270805	0.09210594790118953	0.21143020519813424	0.1231901217113843	0.04870815041952254	0.10186300837353762	0.07746984627359406	0.039102052163644145	0.09518072236690893
55	Chevrier_Magakou	Chevrier	1750s	M	heterodiegetic	0.1093541146842698	0.1507721197229561	0.02538981673844378	0.31051735835839445	0.07122026895947955	0.05130116186438326	0.04814236536951214	0.12462747280986926	0.07464438315581144	0.03403093833687979
56	Colombe_Plaisirs	Colombe	1760s	M	heterodiegetic	0.01475306509439669	0.23991049295596048	0.013738105834959624	0.23687518952411368	0.05969612292120517	0.058983338903538705	0.08047646090941808	0.09036950562946526	0.15524073469348043	0.04995698353346148
57	Constant_Laure	Constant	1780s	M	epistolary	0.015400926544610125	0.14565085903325453	0.012971422439033724	0.06341128560002843	0.06534801986911165	0.04685454556280094	0.09380593820585902	0.10185531893690687	0.14269250457643573	0.31200917923195864
58	Constant_Mari	Constant	1780s	M	epistolary	0.02032824616388581	0.15321079028641008	0.02267884116092463	0.047577443592248886	0.13274730209367602	0.054827904306285126	0.10539277446105236	0.09054468457814695	0.1469868274721465	0.2257051858852232
59	Cottin_Claire	Cottin	1720s	F	epistolary	0.020169390365596528	0.08927637014480053	0.006967826760319648	0.0520750572754393	0.06877717529120991	0.18811198245868932	0.049208222198935676	0.09652164242786677	0.3098309352526182	0.11906139782452366
60	Crebillon_Atheniennes	Crebillon	1770s	M	epistolary	0.023542041842921056	0.512378151359945	0.005602827004704908	0.03326393881350521	0.07657458322702458	0.04479999940789632	0.016248609590120405	0.029496899377697783	0.19156861374015366	0.0665243356360304
61	Crebillon_Conte	Crebillon	1770s	M	mixed	0.05370699917669221	0.425048906688906	0.020613480309657612	0.10963537609630361	0.05250556605097037	0.046395871709463084	0.016112934389101784	0.0658730275214755	0.14401628936107735	0.066091548696352
62	Crebillon_Nuit	Crebillon	1750s	M	dialogue novel	0.005521211632379961	0.4644086394235181	0.012002177125819094	0.06393421719843219	0.0325796248883294	0.04849241940648341	0.01607804542797553	0.06594664417812116	0.16239414735676144	0.12864287336217914
63	DamiensGomicourt_Dorval	DamiensGomicourt	1760s	M	heterodiegetic	0.02115609585415283	0.2202844241161202	0.014922020800106782	0.1034706642777579	0.06378739171890034	0.11460996428190881	0.11757239652877981	0.06639363136721026	0.22494853074786117	0.052854880307201466
64	Denon_Point	Denon	1770s	M	autodiegetic	0.04371920485711611	0.16604468552004023	0.025616629926161198	0.1700452915901323	0.049544555012400834	0.03971916773405304	0.03536795210091506	0.1967416635032036	0.14315816126815506	0.13004268848782213
65	Diderot_Ceci	Diderot	1770s	M	heterodiegetic	0.0171182629959235	0.11564301534790784	0.10376842206015548	0.07167899579384698	0.11219239431933714	0.0713242978492646	0.1210607218291838	0.1625673468738722	0.0907225984316937	0.13392394449881428
66	Diderot_Jacques	Diderot	1760s	M	dialogue novel	0.017562465528330524	0.10578141457177437	0.25978744579514007	0.05323637245324784	0.06045575212716292	0.053048330077156494	0.08992004977915014	0.18115370557923816	0.044299405742511885	0.13475505834628707
67	Diderot_Neveu	Diderot	1760s	M	dialogue novel	0.029495293627223387	0.08433154876567935	0.1968182727266302	0.20003162464462199	0.1650159157038482	0.05649714710476353	0.04433455256178199	0.09742241733139871	0.04482055096509598	0.08123267656895623
68	Diderot_Oiseau	Diderot		M	heterodiegetic	0.07570331085348526	0.18114979674659673	0.04426420260759589	0.2561222256097619	0.060402427915693016	0.04428992477264756	0.05830116792358018	0.12911922890677485	0.05775399967586058	0.09289371498800364
69	Diderot_Pensees	Diderot	1740s	M	heterodiegetic	0.05703129125708556	0.18582444244925062	0.03602870184572122	0.03189397023632243	0.45183625199283917	0.05244517200618217	0.055153971617949035	0.04964915688023174	0.03443941655618017	0.045697625158237457
70	Diderot_Religieuse	Diderot	1770s	M	autodiegetic	0.01224935589828369	0.12750385774665363	0.0455513391311695	0.047125534526045676	0.071839884899477	0.12311106547776535	0.0879363585091429	0.3033794596686719	0.06862091309856896	0.11268223104422093
71	Diderot_Supplement	Diderot	1790s	M	dialogue novel	0.07404647503290053	0.10526379631919955	0.05026552150550434	0.04800893470532184	0.3425312962774062	0.09093600633693275	0.12561333361306146	0.06178360989905934	0.051956596001535786	0.04959443030907768
72	Doppet_Memoires	Doppet	1780s	M	autodiegetic	0.03585212926221407	0.13278509308726605	0.0351193408781377	0.07957091664280391	0.15525550182822234	0.1196169990098676	0.1400395977472444	0.0834491115751601	0.15432562550116877	0.06398568446791467
73	Dorat_Malheurs	Dorat	1770s	M	epistolary	0.011120490199995154	0.14833063756836043	0.010783923224577874	0.08230530137752039	0.05685290373811226	0.17573697067110572	0.028147058223705626	0.047763510988843697	0.3088717177024189	0.13008748630535952
74	Dorat_Sacrifices	Dorat	1770s	M	epistolary	0.013744028419268589	0.13778055211551726	0.008659798359856877	0.0535391007737606	0.06509903573443955	0.16680763569824378	0.03403282785205229	0.052264786079711203	0.33602816316424766	0.13204407180290204
75	Dorvigny_Tante	Dorvigny	1800s	M	autodiegetic	0.023533001899882024	0.14442660060076595	0.24001486287989418	0.06788849086389816	0.03870236405605567	0.0590373250163869	0.09376175157299949	0.19764829724656865	0.0389609021026266	0.09602640376092188
76	Duclos_Memoires	Duclos	1750s	M	autodiegetic	0.009899468578476914	0.4169572577100979	0.005203080588156982	0.08848168400431097	0.09804767556843945	0.030663609066340393	0.036716202050810096	0.038876759530364985	0.21192913053841808	0.06322513236458381
77	Ducray_Cinquante	Ducray	1790s	M	heterodiegetic	0.00916281667754529	0.10901289617120796	0.02147416407360446	0.06490954312392176	0.036379698096179275	0.0827486526518098	0.3017131169071496	0.1107461414022045	0.14248687150132855	0.12136609939504836
78	Ducray_Coelina	Ducray	1790s	M	heterodiegetic	0.04718802768081558	0.09905625070125647	0.013112205092256735	0.036370583378029085	0.04547466896096276	0.14852529465457276	0.27158051212683787	0.17119898459705304	0.0846295143226668	0.08286395848554866
79	Ducray_Soirees	Ducray	1740s	M	autodiegetic	0.019370290920950294	0.09131432665358709	0.0391311854326672	0.06570827863718055	0.050536905415312555	0.0949770241543987	0.2878630453434479	0.1830975390254128	0.08067710924583706	0.08732429517120548
80	Ducray_Victor	Ducray	1790s	M	heterodiegetic	0.04962319279048491	0.0911727818707894	0.014334390796323402	0.03408280265316956	0.04555177784901183	0.17652953239692754	0.18840202699791106	0.20361655694653463	0.12703409431464874	0.06965284338419868
81	Dulaurens_Compere	Dulaurens	1730s	M	autodiegetic	0.06652084614714066	0.09692666019790026	0.17472399318155973	0.03931929611300351	0.2934931203526715	0.07979813783574949	0.07516935943201067	0.08171188071513119	0.04188068743188087	0.05045601859295165
82	Dulaurens_Imirce	Dulaurens	1720s	M	autodiegetic	0.059138027557787104	0.04990298080006112	0.25772393031499546	0.12470518350198272	0.12487578244032467	0.05512029045406655	0.101702190732068	0.08739319901577382	0.07236411774559207	0.06707429743734805
83	Duvernet_Devotions	Duvernet	1710s	M	heterodiegetic	0.05930815911552786	0.07367686704217484	0.2710568775732238	0.10025592473002538	0.11389018850447659	0.04769956870953035	0.10078578458452325	0.07581565068730566	0.03910748578218127	0.11840349327103065
84	Duvernet_Guillaume	Duvernet	1780s	M	heterodiegetic	0.05649721795177581	0.11950179228901933	0.16357638001382233	0.14764135130050385	0.17265602889417964	0.054511130355430606	0.05894049022816703	0.07207936233514223	0.03434092793659093	0.12025531869536779
85	Duvernet_Retraite	Duvernet	1710s	M	heterodiegetic	0.029662575655802305	0.08295197713005792	0.16297614657410142	0.1012521075541591	0.08335922817575485	0.08397353833022912	0.1402874884815885	0.13317618856187224	0.08402487651986065	0.09833587301657341
86	Falconet_Debut	Falconet	1770s	M	heterodiegetic	0.02427244375717852	0.151998712440794	0.03552740710503375	0.18456735977834843	0.05350962254136066	0.047380375076411844	0.06986637736224426	0.1792807061740262	0.15397733224759938	0.09961966351700259
87	Fievee_Dot	Fievee	1720s	M	heterodiegetic	0.010132206874011803	0.16364356327604784	0.016657688361292184	0.10396897000044387	0.05854979127260995	0.07421910252720561	0.18664167794386238	0.08435563955334861	0.20310762087943698	0.09872373931174026
88	Florian_Estelle	Florian	1730s	M	heterodiegetic	0.21607237278887906	0.04047522600436106	0.008939379394903657	0.07360633089539251	0.02292213358642877	0.10591371718022197	0.09007258892719211	0.17100850416483376	0.2181825289326495	0.05280721812513717
89	Florian_Galatee	Florian	1710s	M	heterodiegetic	0.1979823600147812	0.04780619838636447	0.01455475793675929	0.06726332623318428	0.016247207699567084	0.11196574379722887	0.09654146825889476	0.20090194995305471	0.18331468978469864	0.06342229793546636
90	Florian_Numa	Florian	1780s	M	autodiegetic	0.30557706454277916	0.055145276963566046	0.007366442129669259	0.022608722999688434	0.05404569767174477	0.19418467563525338	0.07546817317075749	0.10175119914330666	0.15701883116138254	0.026833916581851813
91	Fourqueux_Zely	Fourqueux	1770s	F	heterodiegetic	0.026895877012180193	0.22800948620875666	0.012046563445943967	0.06835261575310232	0.11309281710272646	0.08238384795743639	0.048288437784468265	0.08709492819281714	0.22073207879675139	0.11310334774581675
92	Fyot_Memoires	Fyot	1750s	M	autodiegetic	0.026439500882336594	0.230944040661442	0.009115808630778176	0.08040857854374425	0.04876568534704836	0.05987789262669308	0.11198188588956051	0.1433757336619303	0.18564397056121548	0.10344690319525081
93	Genlis_Adele	Genlis	1780s	F	epistolary	0.01905645169353825	0.1451887473566542	0.01365724610212518	0.1079091681893341	0.1020845836220898	0.07089076732923762	0.08605525790332659	0.10657251447875783	0.14022364677791752	0.20836161654701846
94	Genlis_Chevaliers	Genlis	1790s	F	heterodiegetic	0.10999259661612044	0.12081841471240974	0.009082779375556438	0.048582978798045295	0.047726760377129064	0.12468667261713465	0.05288197798471777	0.24030662162178543	0.19072866172598324	0.05519253617111729
95	Genlis_Emigres	Genlis	1790s	F	epistolary	0.021664159396650985	0.07528647544635446	0.03722713921458849	0.06309644339716572	0.07109550214600907	0.0536274500075258	0.17028416096113266	0.14189874668503002	0.06876956767902195	0.2970503550665202
96	Genlis_Meres	Genlis	1710s	F	epistolary	0.022351160482206197	0.12388466334876096	0.016801750611672505	0.10001513470314251	0.0773449115088419	0.06651628337121511	0.08841058942685459	0.13112738613853478	0.1470352093346156	0.22651291107415533
97	Gerard_Comte	Gerard	1770s	M	epistolary	0.03215086707514454	0.14087671477850555	0.006907849028134794	0.0413064662301199	0.3693427618445847	0.0918168617457716	0.05241751954992514	0.032968874470780944	0.1963464922067562	0.035865593070276355
98	Gilbert_Familles	Gilbert	1770s	M	epistolary	0.1072874719327637	0.0597349651307288	0.009215707205549439	0.046536494848297416	0.027005941208947306	0.34621833629148385	0.06746235143309384	0.07571407941860352	0.23725395579875214	0.02357069673177936
99	Gimat_Voyage	Gimat	1750s	M	autodiegetic	0.01882406769931575	0.20516721888322653	0.15119465697153975	0.08876940331812717	0.03230713975128624	0.04664493271712191	0.14795158287316124	0.15093117192266003	0.06996381000057465	0.0882460158629864
100	Gorjy_Voyage	Gorjy	1790s	M	autodiegetic	0.03627353191112224	0.12583826388548472	0.10104858568781112	0.21873943976626145	0.06946046839589774	0.04413838348544552	0.0541428412682226	0.1829772488819009	0.0676594085877917	0.0997218281300616
101	Grandin_Paulin	Grandin	1790s	M	heterodiegetic	0.04256702020454463	0.13949848866814527	0.05299221164628239	0.06735357409421394	0.028928200331791765	0.12846106282252517	0.15783736323284098	0.20828502717229197	0.09830093756197089	0.0757761142653925
102	Jacquin_Parisiennes	Jacquin	1750s	M	epistolary	0.013716181516479613	0.23799910377338604	0.010954229784215225	0.1257775519597354	0.09809966690088957	0.07582410779955856	0.05274284491476196	0.05954321021134033	0.27544285745470837	0.04990024568492442
103	Laclos_Liaisons	Laclos	1760s	M	epistolary	0.007931716949409306	0.2567346536826776	0.013662968020010591	0.05168044301158875	0.0467079919433951	0.05364081210964058	0.03994169623769361	0.08699056200607283	0.1828587104549657	0.2598504455845456
104	Lagrave_Sophie	Lagrave	1790s	F	epistolary	0.015208621172207538	0.08879934409356384	0.027559409215229237	0.06410968599990965	0.030790550812784506	0.09756589382908099	0.11078011332901018	0.15274094839771907	0.19858667058525314	0.21385876256524147
105	Lagrave_Zabeth	Lagrave	1790s	F	heterodiegetic	0.00900873669669432	0.09596000101792355	0.04000750720535705	0.055984344797061686	0.02610739642219432	0.09252594240784244	0.22752232504727612	0.16728704028150307	0.1323209162453694	0.15327578987877738
106	Laveaux_Eusebe	Laveaux	1780s	M	heterodiegetic	0.07393369803957682	0.0689981283536017	0.26281192373769585	0.05997565932300133	0.12087238432851656	0.10135645025650157	0.15208818891823356	0.05331612343892782	0.0592641297995813	0.04738331380436293
107	Leonard_Clementine	Leonard	1770s	M	epistolary	0.01893715944850615	0.07081291496233302	0.005565825939219028	0.05084303493196157	0.04143483709255878	0.2554229997092986	0.04690386077758211	0.12991419371815946	0.29356015637223687	0.08660501704814397
108	Leonard_Lettres	Leonard	1780s	M	epistolary	0.05453879679332963	0.053449323659174874	0.010264105585377556	0.05386207361001702	0.08764953971625637	0.19880771487916515	0.08597639551552534	0.11429469004724606	0.2565508805755258	0.08460647961838168
109	Lesuire_Aventurier	Lesuire	1780s	M	autodiegetic	0.0837676341515572	0.1215104583381714	0.08996364279607852	0.10921168760015736	0.051965777141006225	0.1334266686875302	0.0793806855126048	0.1741197176654474	0.07872244701788249	0.07793128108956401
110	Lesuire_Crime	Lesuire	1780s	M	epistolary	0.028028900791608205	0.1273777745250613	0.10207408646043171	0.0935781593328071	0.055569254481475684	0.15671889061357133	0.14301842237964246	0.12633008198359222	0.054727124015008614	0.11257730541680082
111	Linguet_Voyage	Linguet	1750s	M	mixed	0.12527013114383548	0.08022913267166593	0.036508889686186534	0.17593849675479242	0.14633864803287142	0.0317030306170765	0.022305685457365203	0.19341996770766354	0.12064234755052906	0.06764367037801353
112	Loaisel_Ainsi	Loaisel	1780s	M	epistolary	0.07183593558527002	0.06379944558706745	0.015306842099966831	0.11136251416251008	0.1556802245258024	0.07748012175337	0.04243808771592269	0.1021685984543186	0.27192773237272855	0.08800049774304292
113	Loaisel_Comtesse	Loaisel	1770s	M	heterodiegetic	0.09925017034027957	0.04233579750076385	0.006878920939357255	0.03950037871745882	0.05442435903561492	0.2875206796513214	0.07249430683747347	0.11828368347659644	0.24798317414100668	0.0313285293601272
114	Loaisel_Dolbreuse	Loaisel	1780s	M	autodiegetic	0.07189054359286905	0.05906802943256336	0.006893957518627289	0.1057414008769253	0.18961884152921063	0.1660705220540796	0.03797427734196902	0.06932983005968207	0.27082832880992685	0.02258426878414642
115	Louvet_Annee	Louvet	1760s	M	autodiegetic	0.03796436732793395	0.1033323762792961	0.04102544101857101	0.08535801448713413	0.02948928509944147	0.0860852755202099	0.07995085321084017	0.22919168276671756	0.07771741458038833	0.22988528970946673
116	Louvet_Fin	Louvet	1780s	M	autodiegetic	0.01751651438465496	0.13176178384632412	0.030848340402480474	0.06684488324129806	0.030294028140054875	0.11514777661907646	0.07452225480427889	0.18944400345762566	0.08412581952521893	0.25949459557898685
117	Luchet_Vicomte	Luchet	1780s	M	heterodiegetic	0.03479622899225332	0.1797842319988813	0.015603646515151311	0.1377530150835251	0.13964369858282297	0.07206855054636066	0.08129661014735406	0.08502066360399654	0.15307607472210447	0.10095727980754969
118	Maistre_Voyage	Maistre	1730s	M	autodiegetic	0.07924206810923472	0.07468189972920987	0.0555573914217035	0.1963047716040415	0.14431291319838485	0.07157770757567003	0.030521698760285793	0.17487760060733798	0.09611665487078226	0.07680729412334905
119	Malarme_Rose	Malarme	1780s	F	epistolary	0.007473150737404376	0.14350508855475677	0.01877337406863688	0.054560082758688684	0.027709679263837782	0.08094867043304343	0.13959484126600494	0.10460856384656672	0.13596164938688102	0.286864899684179
120	Marchadier_Isle	Marchadier	1750s	M	heterodiegetic	0.15338866865861428	0.06012765504762649	0.012104319632943793	0.2629686682958324	0.07635378253634267	0.06596602697882116	0.025959686828045458	0.11897600691444743	0.18951168036094304	0.03464350474638286
121	Marchand_Avis	Marchand	1750s	M	autodiegetic	0.038148627889723376	0.22813552518630922	0.04242279476338433	0.15168064982295465	0.21816151827966673	0.032442027083283705	0.11964143442590994	0.05540976342865437	0.07054923106974806	0.04340842805036518
122	Marmontel_Belisaire	Marmontel	1760s	M	heterodiegetic	0.19927143804551886	0.12469874231393123	0.007886538161125719	0.025676298378084314	0.23215873648116483	0.14579647310214278	0.07062248830789102	0.040683388752228225	0.12057127189951956	0.03263462455839297
123	Marmontel_Contes	Marmontel	1720s	M	heterodiegetic	0.0436082582591031	0.1507188099285861	0.017570846571784118	0.17005242924683456	0.06127781730710118	0.11017743892417543	0.09004583874994497	0.05533111805720602	0.2076332568326341	0.09358418612263017
124	Marmontel_Dejeunes	Marmontel	1790s	M	heterodiegetic	0.033822938264209956	0.0927787027654588	0.04631475515289357	0.10900528260503649	0.04075868302591565	0.1488133224964942	0.18692834933290628	0.15785873191152444	0.11959849309768604	0.06412074134787409
125	Marmontel_Incas	Marmontel	1770s	M	heterodiegetic	0.311947713495527	0.0702631174922664	0.006986580093633535	0.018475401687458703	0.07233372395859403	0.28545700413206	0.05795084633608266	0.040700390210747645	0.1103293097135653	0.02555591288006425
126	Maubert_Paisan	Maubert	1760s	M	autodiegetic	0.32247544311429077	0.20295147854749587	0.03973707491392587	0.028309111819540902	0.07036479982528748	0.03671448009011078	0.10576026319676568	0.08653239226175417	0.04778015155494398	0.05937480467588405
127	Merard_Bergeries	Merard	1780s	F	dialogue novel	0.08877100800568086	0.07386298787100257	0.011370669644799502	0.20708790532912516	0.03137370739569918	0.09787068650680852	0.07012104072386606	0.08223667342459712	0.2693472451298636	0.06795807596855707
128	Mercier_An	Mercier	1770s	M	autodiegetic	0.1429258248564233	0.049246231288372355	0.04177291242761606	0.12221736576192971	0.3107601426392078	0.11151218911288141	0.0466561092262718	0.07427848388240645	0.07035040889605551	0.03028033190883519
129	Mercier_Jezennemours	Mercier	1770s	M	mixed	0.06351227546815276	0.08274611101908455	0.03338363948285881	0.09882550294834282	0.11974157089479412	0.1751941482147891	0.06461804960824566	0.13343039491456551	0.18831480309490814	0.040233504354258154
130	Mercier_Songes	Mercier	1760s	M	autodiegetic	0.1629893418120314	0.050671365302992766	0.02749352941113212	0.0918103889711772	0.20948014926507197	0.20028650879573706	0.03784089948019847	0.0696072772984444	0.1312212979538876	0.018599241709326433
131	Mirabeau_Conversion	Mirabeau	1700s	M	autodiegetic	0.034221784517838395	0.08266723867317285	0.21755662643875784	0.17946126790209646	0.062416138727411696	0.10376216393892235	0.05169990692493246	0.09715240338956788	0.09754191639136964	0.07352055309593006
132	Mirabeau_Rideau	Mirabeau	1720s	M	autodiegetic	0.021101805530568087	0.1316764126607021	0.14139217687463587	0.10018046095535277	0.10309917475894195	0.044854445959088954	0.04582129297386836	0.1705635198735469	0.18653073116580862	0.05477997924748595
133	Montdorge_Nadir	Montdorge	1760s	M	heterodiegetic	0.28505503308174135	0.08020043826431815	0.00827361482974171	0.08499084855626446	0.1709517658424492	0.12209482877230261	0.029829957683390564	0.08335826607869158	0.1169571812579038	0.018288065633196106
134	Montesquieu_Arsace	Montesquieu	1740s	M	heterodiegetic	0.14599497745725465	0.13017614296444796	0.006069517434153786	0.04638091430594463	0.10772557342656959	0.1239848792976368	0.04710562150552282	0.12387267791594465	0.20898306924482998	0.059706626447694686
135	Moreau_Memoire	Moreau	1750s	M	autodiegetic	0.10543745767080019	0.10704282161664215	0.01982570656023937	0.11702739558572249	0.3310337954850371	0.04388687312827832	0.029709115433189718	0.13456234209893725	0.07254163894508371	0.03893285347606935
136	Morelly_Naufrage	Morelly	1750s	M	heterodiegetic	0.23614932301484434	0.11118916386700471	0.008354779145927374	0.06857027940905394	0.21945805286218523	0.11028512800963512	0.03476222752053573	0.046751946922733725	0.14431503772805807	0.02016406152002127
137	Morliere_Royalisme	Morliere	1770s	M	heterodiegetic	0.2697113553278253	0.16883642884986777	0.010761061206699594	0.03450781872841826	0.0716445414049471	0.14939091878134977	0.07272282486420431	0.05237667414148443	0.14106018631091438	0.028988190384288633
138	Mouhy_Opuscule	Mouhy	1750s	M	mixed	0.0403867179026895	0.1064532028313385	0.03505005120646682	0.04795350355693886	0.10359887944946986	0.1108954444141714	0.025740059245447	0.1128967339885472	0.36636114229829164	0.05066426510663872
139	Nerciat_Aphrodites	Nerciat	1790s	M	dialogue novel	0.03531541628035355	0.11517946845798477	0.22925084180410907	0.16302796357316038	0.05992707981288096	0.05639918785976644	0.03652542872772172	0.1079193436291376	0.06380692384975045	0.1326483460051346
140	Nerciat_Doctorat	Nerciat	1760s	M	autodiegetic	0.014811746067636038	0.15827961845334393	0.13964049463277128	0.1545136872023771	0.0837756124299487	0.0793288484340232	0.06109211313750509	0.10378265752300941	0.11334966257750125	0.09142555954188357
141	Nerciat_Etourdi	Nerciat	1780s	M	autodiegetic	0.021778589103613716	0.17046691364108055	0.043656962789947025	0.16899979366135523	0.05565032823424055	0.07091763949298008	0.08900859268111237	0.11072050039332093	0.17304118275862831	0.09575949724372079
142	Nerciat_Felicia	Nerciat	1770s	M	autodiegetic	0.018002310075686492	0.19045755023301694	0.08067027880598698	0.17694671404342746	0.05177443387596648	0.07275898172294466	0.07349143539857267	0.1269311762820431	0.11004840816272668	0.09891871139962807
143	Nerciat_Monrose	Nerciat	1770s	M	autodiegetic	0.019484668134570664	0.17068103974872345	0.13202783460410716	0.16655318388806925	0.07088547294836209	0.0651341590074366	0.06540980666782331	0.10749838541108482	0.08383759311052551	0.11848785647929652
144	Pertusier_Premiere	Pertusier	1800s	M	epistolary	0.011460325378091588	0.18309650874915628	0.03946291033984257	0.1548719081369552	0.028446584756798402	0.08354071002683228	0.034800737835248334	0.18909089012411193	0.10109978719458294	0.17412963745838003
145	PigaultLebrun_Adele	PigaultLebrun	1800s	M	heterodiegetic	0.012252202994497544	0.16359667871852596	0.07188563635729686	0.11779999788780829	0.0757776402566646	0.04603117516634396	0.14246778396075366	0.12416345359569096	0.1089523321059791	0.13707309895643865
146	PigaultLebrun_Enfant	PigaultLebrun	1790s	M	autodiegetic	0.032610754254097304	0.09406219870016991	0.13312562632805805	0.09586332933219299	0.07112731162202691	0.07239290710447949	0.08610983220373976	0.24310880649236627	0.09283912038867012	0.07876011357419865
147	PigaultLebrun_Kinglin	PigaultLebrun	1720s	M	heterodiegetic	0.04282322103094354	0.1207748305371301	0.23538979259500376	0.10213332895957296	0.0945696681459586	0.040343277124675045	0.11547374844413207	0.1109569411726293	0.052933375984743306	0.08460181600521093
148	PigaultLebrun_Metusko	PigaultLebrun	1700s	M	heterodiegetic	0.1655793090706535	0.1605047104272784	0.011601550627444111	0.04403787701131129	0.05595270151655271	0.1877235108241372	0.06319565016679918	0.11149848343064017	0.17626147165564676	0.023644735269536116
149	Popeliniere_Daira	Popeliniere	1760s	M	autodiegetic	0.10807597347616965	0.13184792799822853	0.008409805667677519	0.03227829752202214	0.04592913399494602	0.26311436069201405	0.09771983452182975	0.1626031549871305	0.11812396731827411	0.031897543821707224
150	Prevost_Monde	Prevost	1760s	M	autodiegetic	0.06491173530587199	0.28709333171859613	0.015612452919330354	0.04935219840693019	0.07365500134147421	0.07438439932044737	0.11225012835030047	0.15990273281938067	0.11377655110397024	0.0490614687136976
151	Puget_Periphas	Puget	1760s	M	heterodiegetic	0.3459096344356539	0.1317921346610495	0.009001805163869118	0.05310720390772786	0.12903566355149224	0.125260820840267	0.034696332815764765	0.041305372470245044	0.11217052355920348	0.01772050859472678
152	Puttelange_Roi	Puttelange	1790s	M	heterodiegetic	0.22496426436006547	0.12479236944573462	0.10800947560160358	0.1181348440391946	0.12769635956135522	0.023881091989490847	0.06160555708980607	0.08713726199187076	0.07989644214794017	0.04388233377293816
153	Quesne_Folies	Quesne	1790s	M	autodiegetic	0.09619995401705862	0.09621264175063587	0.18387701083773036	0.11122056109743915	0.12869019762220713	0.08992799664502442	0.03898585734005745	0.14183648897078044	0.06812856173149026	0.04492072998757582
154	Retif_AntiJustine	Retif	1790s	M	autodiegetic	0.007418862252554139	0.04481936046837331	0.5447344939440101	0.04151687700859114	0.020376436977149397	0.03970734213359505	0.0999126746972044	0.10739321844274775	0.04757043357316944	0.04655030050260478
155	Retif_Paysan	Retif	1770s	M	epistolary	0.021537422215516307	0.12385356648253527	0.04531413825575778	0.10440032746885326	0.10379840961409452	0.08816743057456981	0.13499349565534766	0.07235020565351859	0.10672195215989227	0.19886305191991407
156	Retif_Paysanne	Retif	1780s	M	epistolary	0.011189929573929185	0.11939208868781026	0.050103109521056025	0.08889118820220739	0.08203397063270783	0.10443498250055838	0.14586634181108746	0.09365077394571655	0.0745399649541999	0.2298976501707264
157	Retif_Sara	Retif	1780s	M	mixed	0.009078996268945948	0.13924199925951045	0.02737083237403524	0.09253081379789165	0.02924216365235982	0.06791816823760936	0.1548082713516943	0.13464446610814856	0.15950754703649705	0.18565674191330717
158	Retif_Vie	Retif	1780s	M	heterodiegetic	0.0405664576551259	0.11168441648466754	0.05830140918307696	0.05149366795155629	0.11893761316479497	0.06211384995407537	0.32436045980396316	0.07137614665622483	0.07228532883534756	0.08888065031116713
159	Reveroni_Pauliska	Reveroni	1790s	M	autodiegetic	0.07376169448831255	0.09157061723731483	0.05762724507028685	0.0799736825474579	0.08667167750404929	0.16831344166778278	0.06474366267327387	0.2530517075725761	0.09033149286105462	0.03395477837789072
