	0	1	2	3	4	5	6	7	8	9	10	11	12	13	14	15	16	17	18	19	20	21	22	23	24	25	26	27	28	29
0	0.028567092142707064	0.032455292699623904	0.0010431449674149801	0.0069556253067748364	0.07387087711824207	0.021166882153702604	0.04802611045810709	0.00019679202650043896	0.005857284989054107	0.09256384970305236	0.004661326102519955	0.04923794349736325	0.11424908415092433	0.0006231307500990789	0.1072619446341611	0.0110753278735995	0.0013356457635551602	0.0006080422954898143	0.03835111740211091	0.0043728533659875965	0.0005398979882774358	0.001329599609363465	0.030154780597469368	0.001052070034715978	0.04577867049295252	0.1990007428336096	0.03537653634021653	0.003762536481913843	0.015644548713232547	0.02488124950725856
1	0.0005993473038107835	0.059839816881447565	0.0300897607657537	0.0012963482119063262	0.014404189936318106	0.08883299089018631	0.01902874257390479	0.005477617670395278	0.010838600456866463	0.05856426467716148	0.004414684226807103	0.08631693437739807	0.13995132303729682	0.013818255364517926	0.13597950891781185	0.02107178263279352	0.006556211941432826	0.0323232996029581	0.01251129565322952	0.006787094459987513	0.0005113306987135597	0.006550485703672183	0.044432934410738485	0.016870117638648062	0.02219145839386245	0.0720638948132296	0.07054334812607345	0.0009178325179900744	0.006879900778784453	0.010336627336303635
2	0.014088350117573466	0.012449222788220431	0.009093207397133105	0.009407425029882566	0.006589362983723152	0.015034074636889841	0.027474407887704274	0.005580973586106247	0.0002609564381328239	0.09740684322650238	0.01797567776083371	0.042121469735177455	0.0725080244548984	0.0787719194254708	0.014550491616737497	0.04303369146894198	0.009375458379189471	0.027542123007887002	0.01544290720428985	0.0015240810473160285	0.0005209788807840794	0.003978546547761456	0.021011480333665303	0.03336166867187162	0.0010458737632352032	0.26750244364905346	0.06109225934338607	0.04406377126273562	0.0312695650136061	0.01592274434129062
3	0.0006346046720735012	0.09977623469011086	0.0010460670784096207	0.0013726075460407908	0.015251534749387013	0.0016174181573818374	0.0005393748356852503	0.00019734329038250477	0.0002711905012892792	0.09842564650331698	0.057898154678751514	0.07458713130329493	0.02212783799627118	0.003426127402714502	0.037531134602498135	0.022311357075712662	0.0013393872427287616	0.0034109966815550623	0.07487481290204033	0.004385102826319431	0.0033426614850266753	0.004134575258652903	0.1030717804897076	0.001055017147065275	0.0234968991890482	0.26118571823681164	0.04948189043635805	0.0009718251844866436	0.02969462855719241	0.002540939279686461
4	0.0008005534672600226	0.037523247970905886	0.004853389910994853	0.0087990973727533	0.00510469591857325	0.002040372173231301	0.0006804210776604878	0.00024894845926680745	0.02507854448695616	0.05348836581764306	0.009430509395714435	0.05875385945861648	0.06678580137418512	0.014923388445104003	0.09328460577632247	0.006943104490573027	0.012290966807095904	0.18805936571206747	0.06618432330714781	0.005531804958875486	0.0006829889133877925	0.02288464871056253	0.1194236675585152	0.0013309035881224336	0.0013711115967268244	0.0821212710610785	0.06595515615249607	0.008293510629891011	0.030392204984611777	0.0067391704236605225
5	0.000579419306927052	0.01437006045869733	0.008628061889881307	0.011483860004970108	0.02671352625430721	0.08076403119135504	0.0004924706785493743	0.00018018227342469242	0.00024760771424644416	0.05917468596528513	0.12959292851480791	0.034851519733577085	0.02787655726277298	0.02358942003275273	0.01124853556810644	0.00246758068141215	0.0165688359067807	0.0005567219622055114	0.009537647675392323	0.004003773297363276	0.005609636569818942	0.06771637366423022	0.0301672932538341	0.029097463098823863	0.10329852130700763	0.003168810817379121	0.2267723453870064	0.000887315047665276	0.024554723292935843	0.04580009118848384
6	0.0006399829307530313	0.004572120023938278	0.020829873949164118	0.0013842403605676074	0.04645569916151423	0.058130958531416935	0.009018920943247391	0.000199015769819	0.00027348883398607384	0.07948485991035313	0.004713998931599693	0.04131935569296688	0.05904026218552535	0.009105147026094749	0.018074268548448336	0.062050328224348174	0.05220058803216366	0.0006149131530953941	0.07550937506347671	0.02984719122086402	0.0005459988174903197	0.03524452371791663	0.007895595491532209	0.01236392495006958	0.0010961017020711874	0.000675038148078146	0.3239254372759969	0.01793001121726632	0.0016963733915956705	0.025162406794640282
7	0.003494591142827765	0.0188568898917573	0.06374498570100283	0.0042452100490465395	0.052551051282692635	0.038683861811552735	0.0005485953557708494	0.000200716840003926	0.00027582645628518597	0.006086661580155226	0.007603429445235023	0.20122425806121005	0.031053523621516792	0.0006355584486492607	0.04102186090908508	0.031240179928070357	0.044099354032188745	0.0006201690704129047	0.04766340482609043	0.004460065405239391	0.0005506656954481938	0.007054393124862539	0.07919153273997546	0.01816788056173993	0.001105470537147602	0.014926498043560454	0.15004760530090852	0.0009884383689372418	0.02450397710124006	0.10515334466738699
8	0.0006399829307530313	0.007397111663724136	0.04625479870723685	0.0013842403605676074	0.001255832924940483	0.004456117375485621	0.0005439460238898154	0.005848999049390718	0.00027348883398607384	0.18683454222221574	0.047088873528387566	0.08369423028975476	0.07881520366402636	0.0006301721067371725	0.0011243187097331824	0.11572516938027948	0.021125679994519208	0.017564862991810547	0.03030950882690297	0.06374709089829432	0.0005459988174903197	0.0013446240404863222	0.016370570410889792	0.0038889500307120045	0.0010961017020711874	0.03457493782550845	0.18550084692648985	0.006630044658122886	0.0016963733915956705	0.03363738171399786
9	0.00579854129028454	0.02244486483683391	0.000972512297373072	0.0012760918927122859	0.01678339430563609	0.030150764079603168	0.05519131993706426	0.0392476609450771	0.000252121592274523	0.13056898707829712	0.004345701794449985	0.12663664734452248	0.0049462293340770905	0.0005809377759300287	0.021870714278253697	0.07543239329041533	0.0012452074932696325	0.01879682815944841	0.08263134730295345	0.07699659063197503	0.0005033408100773713	0.0012395707318539984	0.04373863970358706	0.014002231022544305	0.06351317537353694	0.0006222985057889919	0.05902394212425144	0.02694628673400468	0.05625371001234438	0.017987949321559636
10	0.015194175311980172	0.04831179890070112	0.006899835527032468	0.007238716784118446	0.015827928788907673	0.030749719128187275	0.04125940368563657	0.0031119188571564482	0.00028143947564407613	0.15156639731817687	0.016479510278385158	0.1355483167831076	0.008428517586558036	0.0006484919501125358	0.038949531022058295	0.04641149936252359	0.024646945792402997	0.006447024331033778	0.05154046410754908	0.0946714683626606	0.0005618716444730097	0.010105066236211702	0.0284749519829856	0.02435182863220786	0.0011279666660877368	0.00941601469538125	0.12112275528223047	0.0010085529140560683	0.056980920796295326	0.002636967796138163
11	0.0005663818297857487	0.1040504673924026	0.0009336101860272025	0.003725150168533041	0.003611510202756122	0.12894884636896953	0.007981701856515139	0.06017862583969622	0.00024203630874458242	0.03534226341423962	0.01667238686864579	0.07656909719519171	0.01724889230667486	0.0030578033740094853	0.040996681899548436	0.04741393118187445	0.021196229732055368	0.06554690118579558	0.041824394663497785	0.036415037642491294	0.0004832063394990128	0.0361914429095324	0.14949349657066047	0.02594263884733083	0.0009700447587248596	0.003097509605799204	0.04666246984515554	0.003367453704463201	0.016501906789191247	0.004767881012188647
12	0.02423447119014906	0.09151653613175753	0.12885207136213514	0.0011611786097570106	0.0010534632361619022	0.03691470624804747	0.005195816003065744	0.12102479506822884	0.00022941780421847818	0.03586946479719203	0.0015846054799542248	0.008593618438677775	0.01397986371631068	0.01711695605749066	0.005682665229317321	0.03783273206386667	0.005872598887786631	0.03606225002187425	0.03727412819056408	0.036886310200033606	0.005197538001706337	0.0011279462140068874	0.0966742158897415	0.03406917265000213	0.10992851239491837	0.005305783444307439	0.027641400966395068	0.03399879512094901	0.036969439648778565	0.0021495469326056164
13	0.0005993473038107835	0.12862591581011282	0.03802661833444584	0.0012963482119063262	0.017049809125882154	0.05708556061541774	0.07458674555474977	0.02664257118690766	0.00290174288817432	0.05327302629803338	0.01764278017462734	0.06250636167132165	0.026189697886042786	0.05350254320797864	0.0036985494396094857	0.034299878580613764	0.017138688699689018	0.0005758693281895259	0.015156914842793566	0.07557319338865275	0.0005113306987135597	0.001259247324544088	0.04972417278986658	0.10682117008382568	0.0063177432564781606	0.0006321766950003062	0.0678977289365094	0.01943716684493841	0.03333609267442493	0.007691008146739589
14	0.0006363873528500973	0.11972035922729996	0.012285486237980543	0.0013764633655672096	0.04057645956386247	0.0044310818371950545	0.00335001016227244	0.01705261859857926	0.003081072465856693	0.11555685691814195	0.0018783943948902624	0.10569697725385607	0.002526156646991095	0.0006266316484012549	0.001118002017030433	0.06170171456871404	0.10808971574124912	0.0006114584232280026	0.13407666856341574	0.11676222742160802	0.0005429312649215561	0.001337069619492566	0.005042115980761389	0.009485341290590851	0.0010899435392984736	0.0006712456215399595	0.10580329416950446	0.0009745551582023047	0.007305083073943723	0.016593677872755043
15	0.000597765843025609	0.1045387733192894	0.048480833269877184	0.0012929276177899838	0.05394575784762158	0.07276676260928046	0.0005080641028165164	0.008101802575595271	0.00025544788079490805	0.07160292654847612	0.0070416738289625965	0.10983692041909113	0.010288762600884729	0.003227240556715549	0.07493202595206706	0.031570735248048834	0.0012616357545422738	0.0005743498172913772	0.017755559583202844	0.08328969813366946	0.0005099814819186733	0.05930596848666912	0.07070207553859206	0.022102880213738057	0.001023796302206744	0.0032691469666159692	0.1310458919595648	0.0009154106899025363	0.0015844704941118375	0.007670714357637359
16	0.0006073818086526008	0.025787892128482558	0.006363363239155654	0.01471915049474141	0.028002708397620903	0.07661841062954315	0.051456848984208985	0.045767320014279474	0.000259557145434016	0.04326283446505561	0.007154949778543559	0.023128013408308515	0.018497527384388767	0.01400349493917819	0.011791384574814929	0.1125111432764307	0.04686037329904397	0.011307928448939372	0.009997930041534485	0.0015159086661432931	0.008561439814726391	0.0012761280690836328	0.18712607310703164	0.0036908445364849385	0.009083520121756764	0.0006406512917567598	0.1867756596235452	0.006292306126289789	0.04450731648553173	0.0024319396992930568
17	0.0006189989291542649	0.023548760871371983	0.014682166691696578	0.006803582863615668	0.025805938941804163	0.06442203299522044	0.07156759438840035	0.01658667885922468	0.00026452157899560725	0.1151317868436714	0.004559434557514154	0.031767466834900095	0.021583686075674662	0.0033418745350502683	0.014749277868602315	0.03815688067903824	0.11879813419570967	0.0005947511488174462	0.0183862502295342	0.11357185747949147	0.0005280964024279987	0.05321546622993517	0.007636711730019108	0.006493802419936946	0.0010601623062476003	0.000652904742798363	0.1876156694728054	0.0009479267566008475	0.01257021105698325	0.02433737231475773
18	0.000641795999084894	0.0017520779898259305	0.02088888487429846	0.0297181101712101	0.00409238551960601	0.2254423379988832	0.000545487020161383	0.0001995795804652864	0.0002742636264378581	0.05421308666888699	0.010393343319157457	0.08393133561117237	0.011046610892585271	0.0006319573810553549	0.0011275038988211778	0.08205708026859321	0.046682482375025834	0.0006166551988768518	0.021896391029144213	0.018599768853232918	0.0005475456293155374	0.001348433353436589	0.04191390159054662	0.00956595705900195	0.0974210310530546	0.0006769505276593322	0.1831933750396552	0.00948182236682496	0.0073671688616103286	0.03373267624237016
19	0.0033513636780697427	0.0016898428800481665	0.03927344943193588	0.0013388533657847158	0.00667938569939582	0.09447804523329068	0.02238502890792176	0.01931904360814016	0.00026452157899560725	0.044090303371869	0.0018270698085986765	0.07002057331971677	0.02431605082459014	0.014271333530712178	0.009284548370771362	0.049086339674700136	0.00950354423909058	0.0005947511488174462	0.19052522941120925	0.10537476323274506	0.0005280964024279987	0.0013005360005410927	0.06228400670832865	0.0037614376710214696	0.017454350799740462	0.000652904742798363	0.16029202198365058	0.0009479267566008475	0.00164075206132134	0.043463925557166064
20	0.014559291742414703	0.0017227939910435626	0.006611528190907219	0.004150604879924264	0.006809630458929664	0.16317578963559945	0.02839281509537628	0.00019624383386880544	0.000269679620617745	0.01987924201239856	0.04643300921418669	0.018458694289434918	0.005290690250955799	0.011763973038459044	0.0011086589484297434	0.06397172196545843	0.009688858711086344	0.0033919930330779677	0.07167201914917587	0.026645828369187545	0.0005383940244011009	0.08489523163591635	0.0022143348251172784	0.02890558461439085	0.051222436444589514	0.0006656360664636472	0.2052023060495036	0.0037520553927543046	0.0406717693072562	0.07773918520907461
21	0.000620694894002469	0.007174174840315355	0.03390135078994398	0.009562074688336052	0.0587548556251276	0.1111760071295896	0.09642233812634407	0.08786825044108118	0.0002652463287139645	0.0058531899369046155	0.02923058592031225	0.018155249855034358	0.0106834180749587	0.0006111797521448024	0.00657013562884373	0.041001275868798176	0.006789731513216416	0.0005963806783599312	0.001997519688423248	0.00976868864118966	0.0005295433078955165	0.12185754421101365	0.01039748620371495	0.0010318924286025787	0.003802918014288335	0.0006546936045247067	0.24566657990294385	0.0009505239346930028	0.004385098498795447	0.0737213714718878
22	0.0035247183701078155	0.0075246541745362045	0.00969422400055537	0.0014081077157165102	0.04150929637331048	0.21143940270992864	0.07526954364753077	0.01744465157773055	0.0002782043843456431	0.04349724470907816	0.0019215779415340168	0.07651620114159627	0.0284475384984648	0.0006410376629692281	0.0701125217920346	0.03725690615677857	0.09045875063511792	0.0006255156113307843	0.007842505788338271	0.0016248153618865855	0.003429113763559765	0.03872591772052357	0.022400236576813854	0.0010823033789089237	0.003988701634483136	0.0006866772937628102	0.19444669187972705	0.0038706605199936134	0.0017256226082459926	0.00260665637109016
23	0.008963034858850437	0.09338891507113796	0.03159431839630185	0.01525069996016678	0.015124432747461287	0.11272018976481013	0.02831394251635984	0.047420105240997115	0.00026893047590930916	0.0559368008239619	0.0018575223806377333	0.12396785594663412	0.01916552454878869	0.0006196687524662503	0.04832998575189239	0.019347514231827	0.02077356904129812	0.0006046641264822495	0.015914795640179242	0.05990668397020965	0.0005368984162661233	0.001322212603186199	0.004986089878415877	0.04549272521704453	0.0010778324953406263	0.0006637869918624852	0.20185436700945494	0.0009637262666728117	0.001668099193932513	0.02196510768145184
24	0.011906314251674823	0.04118067627495696	0.07992889991064231	0.007014407996192035	0.004069328745042057	0.13684414089144895	0.0005424137096946229	0.0931605620737363	0.00027271840676694145	0.05109061295801661	0.0018836858949087337	0.010215588702641974	0.002533272915001997	0.0006283968907742677	0.03492555398912931	0.10413103352199417	0.00979803407103875	0.0006131809221167383	0.11473513223113604	0.0044098087898269776	0.0005444607205066965	0.009791936820189551	0.010690386877762314	0.017963162445907496	0.006727081033961801	0.0006731365429718162	0.21033158671052246	0.003794334056349285	0.0073256617380016344	0.02227448990708641
25	0.000605757720812415	0.108610328571414	0.05715074913584115	0.0013102135159876185	0.0038625889357006673	0.09245703449846768	0.03527576264965885	0.11784066978122243	0.0029327789532845572	0.12603854438283849	0.009809733886796904	0.007022675995984925	0.007752403185626981	0.0005964715631517013	0.05989034055744773	0.026644991010008983	0.0814959785481028	0.000582028632667368	0.06077559741246896	0.00151185525394615	0.0005167997197363429	0.0012727158100235274	0.007473352334225016	0.0010070596869955874	0.001037484027963048	0.016682433295000087	0.14884141544302254	0.003601565187443588	0.01497523340695516	0.002425436897204781
26	0.0006073818086526008	0.047236570824743036	0.01708770258728589	0.0013137263095786078	0.006554029701360424	0.16509421025161766	0.08899203670266481	0.1047511864289958	0.000259557145434016	0.05666825865021841	0.0017927801044784395	0.0016793347120480314	0.08820573314723533	0.0005980707540153885	0.04932657229327077	0.04816510718764926	0.017368440091685804	0.0005835891008091313	0.004635760367469363	0.0015159086661432931	0.0005181853036287106	0.038811315787539484	0.007493389025850106	0.01173409904758262	0.006402435284724203	0.011364990639886998	0.13851613255695908	0.003611221289257228	0.06327491034475967	0.01583736388445586
27	0.000641795999084894	0.007418067642798408	0.0010579210888947887	0.009887146385806426	0.2448969457709363	0.08945858632754376	0.03737441976448249	0.0001995795804652864	0.0002742636264378581	0.05421308666888699	0.013226338145643692	0.0046074804695576885	0.0025476264131265537	0.0062979470340278326	0.012459483204766137	0.011232209606437232	0.04951547720151208	0.0006166551988768518	0.06155831859995156	0.001601799894315485	0.0005475456293155374	0.16566213328963844	0.01924994297865671	0.00956595705900195	0.015264181084953653	0.0006769505276593322	0.14919743712182024	0.006648827540338721	0.0017011792086378498	0.02240069693642521
28	0.023109348615759067	0.04668323512284577	0.0010490056065260588	0.004185583523430831	0.09394974256327128	0.054995244678740236	0.031441211740908664	0.07604414191371532	0.000271952307993072	0.1380298181810509	0.013114875026344749	0.010186891886492938	0.039044718699218176	0.0006266316484012549	0.03482744391139389	0.10383851693666836	0.0013431497424314961	0.0006114584232280026	0.030139222722461775	0.00439742110706315	0.014588532054239663	0.14460219767053725	0.00785123613862501	0.012294461448454476	0.009517304012889338	0.0006712456215399595	0.07490297243300463	0.00940191563179317	0.0016868427582164805	0.016593677872755043
29	0.0006346046720735012	0.021341203696576046	0.003847318185321578	0.004173858652952747	0.07407780799453811	0.1024624580062123	0.0005393748356852503	0.061824867642445575	0.0002711905012892792	0.0508043776858137	0.007475634754336273	0.054978373554911225	0.06414660459995054	0.0006248762958025449	0.012319874640290529	0.016708854861888747	0.0013393872427287616	0.034224758857586586	0.1168935795057197	0.0015838517194074744	0.0033426614850266753	0.12738962396277906	0.01903424728234889	0.020663774895448975	0.05150941025816777	0.009073118614735485	0.1251156703229809	0.0037730762913986008	0.007284619701896756	0.002540939279686461
30	0.0033883970244090434	0.03485921219736608	0.05904533625583746	0.006878764033055786	0.06476691274372905	0.056846237368854566	0.0005319245643123817	0.09135903187267838	0.0002674446038267426	0.03076472138821709	0.012897491407748473	0.02106827266140038	0.07707335108431852	0.003378803024157213	0.09226388518818034	0.044103639091883404	0.0013208865679262194	0.014414113354259028	0.02411453858806269	0.001561974308109673	0.03368462815158054	0.02894048735960716	0.007721099166763691	0.07839206879319974	0.028697457480212105	0.05038616373375372	0.1012870097271158	0.012008633621017594	0.001658882752341669	0.01631863188607546
31	0.011152319272192316	0.01746370752866404	0.035287641483418807	0.030317949547998425	0.10144124827887176	0.10970769961136394	0.0005080641028165164	0.07142912315059552	0.00025544788079490805	0.06896428819118444	0.0017643971143792426	0.012207301199299091	0.03931378453109317	0.0005886021994238723	0.001050151947900116	0.07115031060742398	0.009177550826417304	0.0005743498172913772	0.052057858227994636	0.0014919090576274738	0.0005099814819186733	0.0381968616283357	0.020567946750050192	0.03529607200019644	0.014216988088665129	0.07187374425619958	0.16007091388977324	0.006192687404485891	0.014777662280570222	0.002393437643054006
32	0.0005779411336597043	0.039844688345261316	0.04432185345875268	0.0063523056469873785	0.10062811111658117	0.006575257239493118	0.02345137330761336	0.005281980157504994	0.000246976035081438	0.015654534526865167	0.019563782892036474	0.022006965138035392	0.045663342008280886	0.1255743914297546	0.103060475046063	0.04838160353569523	0.006322051568185939	0.003106430468918917	0.02226895978860849	0.014198074260617234	0.02090209832133099	0.0037654010714728257	0.024988075051653263	0.008614201514348089	0.04180790284961368	0.11796152169883395	0.08843286601995816	0.01108956649723965	0.00408305082270135	0.02527421904885151
33	0.0005621654136586688	0.008979165937000459	0.0952233601605922	0.0855866580353589	0.10532580094667003	0.08332203173818607	0.0972559982576858	0.0001748168227444035	0.00024023447517249267	0.025153190327184032	0.004140809124785727	0.011480285480389915	0.029527943890541218	0.07499831084472666	0.05558043573671957	0.03217200662806406	0.006149482236184502	0.022873572946253428	0.02414258917112736	0.0014030572042677465	0.04018348289544558	0.028477540236703482	0.006935545453307704	0.010860556821136251	0.08533355505344953	0.0005929581579671455	0.01405569475131042	0.015749845329466782	0.001490106069366323	0.032028799854533566
34	0.010087616408615595	0.03966375851689904	0.05339932627638752	0.0011694928681688125	0.05118232985416325	0.06820650857667754	0.0983154771833214	0.007328330063570082	0.00023106047907703398	0.024192648466219945	0.003982681251109193	0.0587764739936885	0.006919773095094231	0.0816812184992438	0.13938021717897398	0.05003727006062845	0.008301377502553473	0.022000084373277176	0.04231447738910549	0.0013494777115474967	0.0028480236603078486	0.0011360225221812427	0.059178746414933474	0.0008988986202557123	0.020019892871007715	0.09603950231594877	0.001585291964835744	0.036628962619095734	0.003819932079151582	0.009325127183960207
35	0.007812768512035707	0.01602595935261683	0.1243958835651224	0.0011864837643764115	0.19963164193645547	0.052247606182074864	0.029523097918157108	0.00017058379922421267	0.00023441742525817929	0.07781504262281383	0.06457567169808759	0.01846651665898717	0.019127332207269532	0.07802510816292009	0.0421275825449537	0.055607043343222966	0.003579173224111835	0.02958392647727548	0.004186758209406869	0.0013690835050973744	0.022260642043142587	0.0011525271467832715	0.02371744373430889	0.005754768473698822	0.003360914564584832	0.06595653884375073	0.006451134036487937	0.010525667499096	0.0014540245645077825	0.03367465798417155
36	0.0005232148108928585	0.0060474712594831975	0.042434492213266686	0.01729858218491784	0.04952741028157396	0.08909670888638181	0.08127921768987792	0.00016270433689227195	0.00022358941415353398	0.009553062206862079	0.03849727059020682	0.031470872800978315	0.04826806799068386	0.025920328050885257	0.0771345831681775	0.06689583574277322	0.003413847086886976	0.005121834418965465	0.07097053855384819	0.03825876618459823	0.06280443482848481	0.010337521145475587	0.008764561832880461	0.0031793914448570945	0.014753458241715115	0.11833931361839085	0.04772518622155908	0.0008012442273088152	0.026791995523288887	0.00440449504373331
37	0.0005750072983291977	0.04979513584187214	0.026329611566369576	0.008858237414371655	0.0011283318079643348	0.08268722898487411	0.11216856755130043	0.08647687371172104	0.0002457222966376591	0.07141498993004265	0.00677357846947728	0.014280714924067869	0.07842785697244482	0.0005661925391525673	0.19391172343144636	0.007525147875014172	0.011366315252609891	0.025934266148782324	0.004388666250168759	0.006511464761964729	0.03602506183430512	0.013898999898796258	0.0070939783143030765	0.0034941160819176565	0.054286562705719486	0.0006065034599264134	0.06006398754842378	0.008495093565804851	0.0015241454638660994	0.025145918098325736
38	0.0009559460707257324	0.04480675298481223	0.09018957942817142	0.0020676475418923627	0.09892907707237424	0.015095538876628163	0.0050322009656121386	0.00029727096462881517	0.00040851179566418636	0.0554313919020477	0.002821620720504097	0.011082482804079051	0.0670902399083008	0.11487334705277875	0.005899106881267888	0.029389334748165144	0.00623731140790731	0.013577616477948484	0.0241749534805071	0.04458291588529121	0.013474678750748743	0.0062281781817252226	0.024452812267063598	0.035346886642265436	0.048054016559120186	0.1360388924985335	0.023901303499602625	0.03944127496521281	0.036291528453644216	0.003827581212776848
39	0.000605757720812415	0.031066769158820368	0.1988682887519605	0.07885377292858123	0.009210420619327812	0.03095697013675552	0.0005148567060824057	0.00018837274142520502	0.0002588631114709841	0.03245148991936345	0.0017879863613561864	0.01504442352142564	0.0933177101236613	0.0005964715631517013	0.009085939562989842	0.13360162468255188	0.0012785032936956187	0.0032559444744809404	0.0179929439434518	0.05766408793203118	0.0005167997197363429	0.049403200962667836	0.14384306026671725	0.0010070596869955874	0.001037484027963048	0.027378096662254374	0.025841286719598237	0.006275481029257161	0.017649149248768734	0.010447184422645498
40	0.02534880603748138	0.02367815558666064	0.13839487092639302	0.023325237470356704	0.0067160872997728965	0.0015863125390896055	0.011518515483594272	0.00019354805348896842	0.0002659750607558069	0.022353541437821426	0.043047785545819374	0.09513172520486264	0.021702283182753745	0.0006128588942119996	0.01483032156431716	0.18672497861911572	0.00955576390397092	0.0005980191617710447	0.03222417034835738	0.02078504064107012	0.0005309981637567744	0.0013076821296487708	0.17801613619332424	0.0010347274276018227	0.0038133660692075033	0.008898627582183363	0.06501454266067466	0.00644789224136201	0.004397146023819454	0.05194488454675658
41	0.014319950000318757	0.02087342994663164	0.19007285900194965	0.006822223667072796	0.003957835199862463	0.012541370364112365	0.006007254424656596	0.00019301776065695311	0.0002652463287139645	0.008593040958167873	0.08128775532431412	0.004455994748718071	0.06000073645769732	0.0033510307734080595	0.017529539713896758	0.06839978608143074	0.0396679437683755	0.0005963806783599312	0.01843662581600279	0.00976868864118966	0.0005295433078955165	0.1191176931897504	0.12273137807550848	0.0010318924286025787	0.0010630669930250776	0.0006546936045247067	0.0867552206696749	0.006430225977219518	0.03178360871142802	0.06276196738683477
42	0.01072772064450866	0.006646104120609418	0.19131120344178587	0.01647277242400625	0.011281045154143795	0.11060719068686764	0.0055650774164160725	0.00017881026919558458	0.0002457222966376591	0.08410588161276697	0.01184993514256701	0.04473885496260626	0.025126111905002645	0.008180727548787166	0.2091407934507155	0.06590324961554607	0.0012136019064304293	0.000552482783333665	0.004388666250168759	0.001435108088874997	0.000490565122676998	0.0012081082160719295	0.06801025839137986	0.026337721110821447	0.006061174311367037	0.0006065034599264134	0.06767852255805837	0.003418736892715119	0.014215037146590429	0.002302313069421946
43	0.003288466645685161	0.020425722454417438	0.1913582169944023	0.01471915049474141	0.0011918600272953035	0.06321298644438035	0.0031973219176228878	0.00018887778472595043	0.000259557145434016	0.01645198609473001	0.0178792891266738	0.044576692104568987	0.01581644254735621	0.0005980707540153885	0.0010670452266846868	0.17953826420224472	0.0066441007435555635	0.0005835891008091313	0.031446608737794965	0.0685430295919573	0.0005181853036287106	0.0012761280690836328	0.0825637644627618	0.01173409904758262	0.06538630169944053	0.01940824515098468	0.06076467228301484	0.0009301364522246676	0.057912740670694525	0.018518448721488414
44	0.014164713184777897	0.007096402497791874	0.028113541090346614	0.017588864281072397	0.009335228698851877	0.08015914938645351	0.005942132196785223	0.0001909253327848903	0.0002623709000006978	0.03289123184885047	0.12647908726019633	0.0016975397038894668	0.04850969502284624	0.0006045541983932949	0.0010786126346033543	0.14625262409214007	0.0012958279683599324	0.0005899155554121115	0.0019758653812920013	0.06657592759486866	0.0005238027419852414	0.0012899620599608663	0.16747343637424608	0.019991751890113502	0.08506617407651207	0.0006475963346097197	0.05329294944664573	0.0009402196872121232	0.04769995179247626	0.032269946766521486
45	0.003306195024381444	0.00705814524162442	0.1061326032358613	0.06331820049584268	0.0011982854371271404	0.02042515218348585	0.0005190201547242186	0.00018989603951023728	0.0002609564381328239	0.019236218800860214	0.009889061440939694	0.0016883881357073732	0.05633479181511038	0.005992372546424648	0.04420141812301556	0.16433293626735224	0.0012888420592954562	0.0005867352749069415	0.004660752111097828	0.01769731368710406	0.0032165176540820853	0.2061439545451119	0.04257579052004935	0.0225795135786796	0.006436951309831214	0.0006441050925509472	0.13387180622243222	0.0036306896632655322	0.0016186385073280385	0.050964748394164684
46	0.0006605081611178831	0.01346553521167636	0.23725183422357785	0.024753382565704373	0.027536450345172617	0.001683438430102225	0.006392578079402425	0.0002053985096163988	0.003197853476471135	0.023722192051074426	0.010696370954932468	0.039728937120638214	0.03760902609451077	0.0006503826889867104	0.006991564203982958	0.046546816425500584	0.004309652201644385	0.0006346343573887799	0.028365987644569057	0.010395282180136104	0.0063946967092299856	0.045121649753882914	0.12768815024924465	0.02442282866396487	0.0011312553582973706	0.0036122810905592564	0.1564630212455572	0.006842680319791404	0.0017507786780090711	0.1017748330052576
47	0.005906211268809259	0.001640534941761598	0.0036432074095474843	0.03843670575212444	0.0011792137389943509	0.0015316096905610148	0.0005107595221495077	0.00018687368788186868	0.0002568031018243988	0.04015115501640771	0.0017737577247172046	0.2881463182131326	0.02625916964916864	0.0005917248954359959	0.12042439085977776	0.12458052364980525	0.006573603192182644	0.008535308071705012	0.004586572408515671	0.0041524611011967095	0.008470598244668885	0.0012625876506611837	0.19309847405476	0.0009990455954623843	0.001029227822226984	0.005939127744458411	0.017677732884138767	0.00622554130866981	0.04138243240038637	0.04484832839886817
48	0.0006156346523099	0.10222868647143586	0.06080011126177606	0.02035417653925493	0.012078111584572466	0.004286583499783757	0.0032407657572840307	0.0001914441751009573	0.002980598165196554	0.011240500092457641	0.026274768048832848	0.2544309797656817	0.11114434898745644	0.0006061970830535294	0.00923408658542248	0.08958226804576004	0.0040168636678849685	0.0005915186593511725	0.0019812348236583595	0.004254020451824925	0.005960254720473395	0.0012934675502646745	0.08368560550271792	0.02276359402965928	0.05540468566448836	0.0006493561868892701	0.0235451168433331	0.0009427747476276762	0.050547091360612036	0.035075155075835716
49	0.0005961927060830008	0.014786054121813556	0.0720384949495269	0.006552913563293215	0.0011699037488819	0.09362881688004633	0.026823669711948016	0.00018539830464223549	0.0002547756200712852	0.03720246405504291	0.004391448028458975	0.3121883218498188	0.007629991455472836	0.0032187474462414623	0.02473263667970518	0.02885595645721281	0.03810203526488495	0.0005728383041694698	0.009813749575269651	0.0041196770769642175	0.005772027902279714	0.12757394427350166	0.004723652595375453	0.00362285231561354	0.043128210268976515	0.0453676518569129	0.03069663705849865	0.011439778680244622	0.033160631866417205	0.007650527382632036
50	0.010593282444441745	0.026613778236105883	0.4570953380284887	0.04634278124548205	0.006126932247552982	0.04906819150631701	0.002988966430656448	0.0051893099715285655	0.00024264294135139096	0.017886252371148353	0.009195063254246702	0.009089010601925964	0.07493864046688413	0.0005590970984361882	0.023554842922803416	0.1101920246245435	0.0011983932277833211	0.0005455591512387748	0.006840038400270121	0.028987196420904963	0.0004844174334992359	0.0011929683835355653	0.02454966947397622	0.013475809390781673	0.0034788463130820033	0.0005989028487445216	0.02923483143083397	0.000869523527270088	0.011530526151610652	0.027337163454555904
51	0.0056370561176990975	0.026883296212905833	0.4034940438704777	0.008835810551444164	0.006188979746735586	0.13311293135708688	0.00048748342346148694	0.0001783575658856946	0.012903861677195162	0.06363892797206841	0.06751848459164721	0.009181055095827286	0.004808480431780076	0.0005647590798906219	0.021261630735862052	0.03535537133939355	0.0012105293670153195	0.0005510840337775154	0.014504564425143304	0.006494979346092172	0.005552827728719129	0.008800306478447975	0.05011580717946442	0.0009535175477894755	0.05668087487356386	0.000604967943398176	0.037126149730554565	0.008473586093150371	0.0015202867050859133	0.007359988778437034
52	0.0006025354625751468	0.006964282770444696	0.07280489585793036	0.022580782028920856	0.05171650293538075	0.0600489129176365	0.0005121179852948906	0.0001873707143822478	0.00025748611904545857	0.011001329924124595	0.0124172443956083	0.06283885704341029	0.018349934193409287	0.011232067722765542	0.15266098974312062	0.12757156175902007	0.03318800950670203	0.0005789325985740293	0.015237540300836868	0.028100735667545743	0.005833435173916035	0.13956994302095976	0.010093290954878023	0.04089708657882489	0.0010319652514947024	0.021913077528335424	0.0549604417876096	0.00358240707737157	0.0069164976164216106	0.026349765363460082
53	0.0006106562510834384	0.0960109247604586	0.0063976686238351	0.01210296380318057	0.0011982854371271404	0.017729613410187844	0.0005190201547242186	0.00018989603951023728	0.0002609564381328239	0.011149602480966202	0.004497983894343683	0.012470543228899395	0.0212927877622363	0.005992372546424648	0.2841043689465381	0.18050616890714025	0.009375458379189471	0.0032822740482049465	0.03161613984407788	0.025783930006998083	0.04634513802685017	0.07136701588021159	0.021011480333665303	0.0010152033922955534	0.003741412536533208	0.0006441050925509472	0.03413687161040601	0.0009351508899675264	0.08248480170626821	0.013227205567992614
54	0.013611380081589209	0.0016106280600214644	0.11295653497273996	0.09763443698546984	0.11053745980129208	0.0015036885114860573	0.0005014483979315926	0.0027877465856553226	0.000252121592274523	0.023793523597133333	0.07466125091619198	0.022465463460460283	0.0023419497369755364	0.0031852173730315845	0.1260418981623159	0.08584951167882154	0.0012452074932696325	0.0005668709797375225	0.07742278810875032	0.03272383748124859	0.0005033408100773713	0.1288492709898302	0.009883004941266836	0.0009808330370365266	0.0036147446402011742	0.0006222985057889919	0.025168307361931225	0.0009034907629891269	0.006772397667414825	0.031009347307067413
55	0.008513680914900639	0.057043282888039185	0.02737172641154377	0.054065694763623516	0.17004584556845534	0.017355357106155246	0.02425580931844161	0.00018588750372024136	0.005532724595378262	0.0161915210453509	0.05717580261750445	0.0016527477701323838	0.012927400958176408	0.003227240556715549	0.08548657938123376	0.05531848046367392	0.003900274111833951	0.0005743498172913772	0.16815794594882846	0.07537378306179443	0.005787258196502026	0.08569235205958588	0.0020974782490084548	0.003632411712696321	0.001023796302206744	0.0006305086093242926	0.004391250809564296	0.014108602476360919	0.030609492424320282	0.007670714357637359
56	0.0006025354625751468	0.0016448982598407536	0.016951358496588968	0.0013032439865050898	0.04639711842477681	0.33399721521373954	0.0457268863254284	0.0001873707143822478	0.00025748611904545857	0.10409055885969358	0.004438167629702388	0.009645011937370863	0.055585625767636884	0.0005932987015576564	0.027655453743927992	0.04512110184465895	0.0012717024430783782	0.0005789325985740293	0.007258463534930952	0.01746196664633786	0.0005140506633120929	0.14488932753156372	0.0047739064442740824	0.0010017027492953297	0.07284365614464791	0.01127430850712754	0.023044134723985955	0.00358240707737157	0.0069164976164216106	0.010391611831648256
57	0.0006106562510834384	0.004362606468326415	0.08995937059607326	0.022885118896372597	0.04163136703659722	0.05816269500965793	0.013996714021214246	0.00018989603951023728	0.0002609564381328239	0.07853807181341635	0.012584600214237698	0.09064116765454157	0.050943714268514365	0.0006012949998286366	0.11158988745546568	0.03494707514904797	0.003984380832593461	0.0005867352749069415	0.06665814389695195	0.03117500755359408	0.0005209788807840794	0.04710716692052955	0.12074641494569152	0.04144828499176563	0.011828028856427223	0.0006441050925509472	0.004485945104127951	0.017108383529755557	0.0016186385073280385	0.04018259330097266
58	0.0006073818086526008	0.020425722454417438	0.05462289030574174	0.006675895983643728	0.006554029701360424	0.0015480351926314758	0.0031973219176228878	0.00018887778472595043	0.005621726819499137	0.22289551854623715	0.007154949778543559	0.1437768310747737	0.1042922421694307	0.0005980707540153885	0.1887429838189639	0.0025866649580957445	0.030773864276848605	0.003264673937841691	0.007316845204501924	0.006878078340208414	0.0005181853036287106	0.036130230950506916	0.002131219351784987	0.01173409904758262	0.001040265610659083	0.008683905802854441	0.03931599358675436	0.0009301364522246676	0.03646406197443405	0.04532929709181402
59	0.0005993473038107835	0.009573052279730664	0.1755988161917763	0.0039419674014703745	0.035569143452830486	0.009464415203264886	0.0005094082469564563	0.00018637929126718382	0.0002561236986102725	0.06385550305628958	0.009705922605935198	0.2053697979077802	0.1161407503312204	0.003235778606261735	0.08306712512653093	0.07662978561363852	0.001264973562304731	0.0005758693281895259	0.015156914842793566	0.009432713649551559	0.0005113306987135597	0.01977858165149242	0.09205407982289134	0.006287640880391875	0.0010265048773500669	0.0032777958845643536	0.02556782190348465	0.0009178325179900744	0.02275361591616874	0.007691008146739589
60	0.000594627827438027	0.012122457252697493	0.08234855579867309	0.017034860091045385	0.00904119289691612	0.048761688470526095	0.03462762319802402	0.01068405820132385	0.00025410688842958336	0.01610652246937038	0.004379921414379112	0.1486321229370515	0.054856123730428336	0.0005855122890547414	0.3133942482965897	0.0077819226731062644	0.043251598815909405	0.016320054517356263	0.05703414995110497	0.009358437067481393	0.0005073042967661413	0.014373264717504384	0.007336040647107591	0.006238129733204408	0.0010184218085110648	0.000627198708186165	0.033240851567820966	0.016659324965929218	0.0015761527001686099	0.03125352606789572
61	0.0006328319508706355	0.04362899677635848	0.0876393515621079	0.029303033460243974	0.0012418006194673784	0.06306827244145724	0.0005378681319851542	0.00019679202650043896	0.00027043295068682215	0.025521625242644928	0.007454752121703597	0.010129979228792258	0.06396741580561875	0.0006231307500990789	0.21341213336313952	0.03621616204625228	0.054410740128044366	0.0006080422954898143	0.018797135267825414	0.037893965596191306	0.0005398979882774358	0.00691645164773075	0.04970876273175487	0.001052070034715978	0.02343126233948338	0.023014903625040155	0.14990700312674587	0.0009691104627302005	0.0044708446364979774	0.04443523164154405
62	0.0006643822984569447	0.001813737704217753	0.006960540856706412	0.01903318172972784	0.001303711591445307	0.07207798111331107	0.0005646839817480868	0.0002066032517866481	0.0002839156036742733	0.16756336378800465	0.02835527649752789	0.022365795628132082	0.014368061443918603	0.0006541974364923556	0.08034993563758708	0.01456019180975983	0.06298882054005436	0.0006383567348026339	0.03733044878077143	0.0280524217199272	0.0005668150381638509	0.013126665981144694	0.1665621197867003	0.0011045218352844592	0.001137890611094514	0.0007007739969542209	0.14858265415517422	0.021546287939935762	0.004693742203682811	0.08184292030381271
