0	0	0.089530727285928	0.0010253019560624531	5.863256698904802E-4	0.06813427322019268	0.037596413585800535	0.005348733039186792	7.51214228723804E-4	0.0679546121475363	0.14893158785277855	0.00628323586105626	0.03192868323820436	0.007198592314340309	0.07119882388082942	0.08807022651049252	0.02194954628591731	0.01826462421889117	0.02729996284140354	1.776809232471673E-4	0.03464920659952139	5.2093026463410474E-5	0.031723127459843764	0.07547419037039153	0.001949854963746632	0.0015468558270423495	0.02115536017648083	0.00761300257133202	0.09046445839719572	0.021143673256530816	0.02148458643400037	5.130258569695669E-4
1	1	0.017033802048782184	0.06458615430159473	0.003491041298648462	0.03544843800017755	0.006916494810025889	0.017054328129918122	7.729076716066928E-4	0.003497966783334664	0.0839255986726335	0.11908825075740433	0.0010850926630016388	0.018957607341745494	0.001060296715889335	0.116603558552808	0.002368915053263583	0.0014653642143217579	0.010761623882842563	1.8281196418390455E-4	0.00677196266850405	5.359736044827206E-5	0.012424736122083993	0.011234694168763713	0.04821070353545929	0.0015915256791949293	0.06797082221854438	0.06270074203579835	0.20858822882081343	0.06795879780561204	0.007666095787981904	5.278409346132922E-4
2	2	0.0827744592518249	0.05455678524682159	0.003238532399883777	0.011453162561695542	0.05195767148716176	0.0051051439783804855	0.09983663034680407	0.04074968088083877	0.12607557421176482	6.39270483368081E-4	0.01708006043453736	0.0015129402760682333	0.011699240288743163	0.017086659365306855	0.002197570150641476	0.0013593736308844277	0.004625412124096592	0.013564133333533995	0.014318869513028541	4.9720634478651874E-5	8.104128557729373E-4	0.03453226234721431	0.1492010425702674	0.0014764097690036597	0.04430209405178574	0.02066083964901942	0.035445307567820716	0.012144033153714198	0.1410570455202264	4.89661915312167E-4
3	3	0.10887227236948031	0.015016811168834082	0.008981311960524048	7.705551062057166E-4	0.0011058007398379469	0.005333762599823753	7.491116734125986E-4	0.09015542187831703	0.10373273434062281	6.678983021437906E-4	0.0766213313178373	0.03796607794094009	0.0010276526891014296	0.020650710139667853	0.03308361535687898	0.02940900692898154	0.002033671606528735	1.771836164143243E-4	9.657184009315903E-4	5.194722455327695E-5	0.03723208992892904	0.019285431864525287	0.06351966474648496	0.004341402150848117	0.021096148951242073	0.013189446285047451	0.2609426822636703	0.02108449474152926	0.02142445374536293	5.11589961323408E-4
4	4	0.13621968429719666	0.056247665061787064	6.067618819448205E-4	0.03565436217996603	0.01857491070681809	0.008439720875595913	0.003681956873493968	6.137275975927821E-4	0.0379401837939936	6.931176549775466E-4	0.038850666859388726	0.004544937882909649	0.003971015394813194	0.021430465895309503	0.005287235651284092	0.013092113847093112	0.02534693587994305	1.8387394056153516E-4	0.0010021832235145667	5.3908713870645214E-5	8.786757292430335E-4	0.03453643215596793	0.0717272395456582	0.013219008198875849	0.04222463917858421	0.06887409666042901	0.25336833191982994	0.10030373070585492	0.0019015104683090087	5.309072251933871E-4
5	5	0.049764603415584405	0.0013079805113241025	7.479772616946842E-4	0.09766074387957553	0.0014146324104828678	0.0032428383536566943	0.03676387627220635	0.16188154016205822	0.010964683085660318	8.544311385227943E-4	0.008506513384904348	0.0020221538710612653	0.00131465891489257	0.019256998399562283	0.006517766132088094	0.008978011011494376	0.01334330717457056	2.2666804005122988E-4	0.04778264270702843	6.645521642395199E-5	0.018985950383324682	0.09628263120803429	0.07051798074050891	0.009134438256836077	0.02698795087365801	0.09564524875439114	0.16911408249128215	0.026973041837893827	0.013085725621478285	6.544684897496347E-4
6	6	0.09965799835460924	0.06933013457718776	0.016326908558163926	0.005983146725732619	0.04837167939507415	0.07075111475173738	7.038048400211335E-4	5.556287575030595E-4	0.05538533816548358	6.275033140910491E-4	9.880785197854687E-4	0.014633079725713045	0.0404094647451824	0.011512946718315752	0.007416314440739678	0.027630328229356033	0.12813136245507126	1.66467418985427E-4	0.04561047165675534	4.880541762179154E-5	7.95495437393287E-4	0.08122937895731955	0.014974787364794599	0.004078830906913587	0.11711535241286644	0.012391738724784685	0.01375607780604463	0.004031702651917812	0.05431345667493058	0.05307260229590477
7	7	0.13999567419640557	0.08120931235493521	5.980761438474031E-4	7.88203782014232E-4	0.003994108632299653	0.005455926279235855	7.662692121297631E-4	6.049421459444979E-4	0.04026005450698111	0.01499809975302062	0.003938753666761907	0.01879478154412324	0.003914170690611263	0.0010828252180735437	0.11686780066424317	0.0014527782854804822	0.004943231310816109	1.8124180275231984E-4	0.06683639551628302	5.313701580624436E-5	0.0065920591748192415	0.1199314705092351	0.06783749019445814	0.0302076641782824	0.010127408698221652	0.05071028576501772	6.620587821209527E-4	0.001526545155834128	0.1622012154487927	0.043468019371452817
8	8	0.15700763731570103	0.03602037334479428	6.085293916422928E-4	0.024106142742515834	0.06232432474681046	0.10459397683853756	0.018257784137879554	0.0035285357283934555	0.029311643331207345	6.951367207974616E-4	0.021485717662786213	0.024949319688183737	0.001069562713556454	0.0040147712991488674	0.04025888143420778	0.004391190451394447	0.0021166093808050166	1.844095690885172E-4	0.03596134656160176	5.4065751050105495E-5	8.812353295056483E-4	0.0666802611131091	0.1418486703686232	0.0016054341191717625	0.0015653557932845486	0.09820493160251871	0.02397779296492738	0.013205307617601863	0.060167456203598715	0.020923596077556977
9	9	0.25096662189899516	0.015860237000056513	0.003573599562353267	0.0126381371758099	0.004123984402189772	0.049974473863415234	0.009659413487703498	0.006536764700545444	0.21597766069255217	7.054111052498719E-4	0.0011107535929513702	0.0016694730948555898	0.0010853712562305276	0.024766642270145252	0.046766074725987795	0.0015000180367432789	0.07900586643189507	0.014967514589682047	0.05127324828389888	0.003010940738802263	8.94260321996335E-4	0.0026321514096446018	0.019790060762329472	0.034145997674361786	0.0015884923457695945	0.002105933858785409	0.045024724969659265	0.03409301820206493	0.028539919402605512	0.036013234142720216
10	10	0.015844183087877106	0.04127280707777327	5.611267558662163E-4	0.0034256129120954896	0.14073868970662942	0.002432752248461639	7.189287878237822E-4	5.675685735547287E-4	0.02434224852166956	0.04630476720876883	0.030556462670106508	0.0015170041920259394	0.04127781716447062	0.0010159278346717727	0.1445670211501121	0.014793548456040861	0.0019517317841983028	0.024344986739802246	0.04390448298707799	4.9854189307670086E-5	8.125897095384174E-4	0.005077868127129573	0.03678541558475496	0.0820635159918946	0.08739876901090513	0.12547441938832424	6.211565206637884E-4	0.044409909470695	0.03667785694928527	4.909771984750221E-4
11	11	0.07382028774429475	0.027766620739528427	6.193545459445546E-4	0.03639432857603896	0.01896041219647379	0.002685197503932228	7.935316010046565E-4	6.264648272273766E-4	0.1632508769135149	0.039250424719588436	0.0011140467998204309	0.001674422815746505	0.0010885892085281223	0.007051030398360904	0.10916637218947323	0.03411770719775947	0.02883782334329489	0.006117370374345816	0.036601064430275033	5.502752891264315E-5	8.969116609195805E-4	0.08269063985212492	0.09100489915985055	0.05500111627538801	0.004558042139618084	0.005077017784016244	6.85613563770151E-4	0.13203382409374123	0.025659695534104698	0.012401286282401463
12	12	0.10599550603263591	0.023692449785141362	5.284772179028798E-4	0.018405162552795853	0.028827427556926983	0.007350824666038266	0.03609446364425061	0.03342209855365007	0.048223997130322487	0.025901810056818738	0.013599643089602025	0.003958548154348178	0.005988485250657021	0.0034866272621022648	0.0020752624913820453	0.029111647115788005	0.01448722831806559	0.04822657602339013	0.03376043547720213	4.6953389747828354E-5	0.023533615480827715	0.10091526009882727	0.08524126886555158	0.01910292201775551	0.024127739748897287	0.03216000218681229	0.013234073471799867	0.12277986891026191	0.09272940421850112	0.002992221231997101
13	13	0.08423781238716414	0.005709339153721742	0.0029180298266914305	0.03928517162520491	0.054057029945359665	0.021496438918323396	0.11650794675038886	0.005337608210835594	0.0749778236189833	5.760048402969362E-4	0.056424149603098266	0.003777001206944691	0.0033000516894641013	0.01780946134739068	0.021290403857147814	0.006052421974930156	0.0017538668464571244	0.12808365615497583	0.015315586855583273	4.480001324548592E-5	0.046592213062122474	0.03835613295433591	0.013745823824107398	0.05684745787133486	0.14371067490326478	0.0017196044788321259	0.015040921986840696	0.018183563257092288	0.006407800495589991	4.4120234027210424E-4
14	14	0.08591367792779846	0.0036772189379828666	5.626380605945199E-4	0.0707683210569732	0.02799749731083495	0.034759375743035316	7.208651069620033E-4	5.690972282835977E-4	0.02979448900015585	0.07605621365190572	0.1922391179280538	0.0015210899989925417	9.889032462598833E-4	0.0010186640730067001	0.0156761041160401	0.03907344595162632	0.0019569884600616483	1.7050259811940925E-4	0.01439600066021683	4.998846355362029E-5	8.147782893153708E-4	0.1235984725292541	0.00456441992179349	0.052657808887217675	0.009527324651607142	0.007305436589251552	0.0248628829564675	0.13879639495387686	0.039469982134113575	4.922995666454706E-4
15	15	0.11168561996074476	0.06708647563602271	0.006342195331622204	7.904668734977905E-4	0.0068767775164583645	0.04853960627236416	0.0036396703205320417	0.0034778800519137476	0.020277242247216287	0.023654765298394585	0.018306067597598893	0.015977544144124903	0.003925409061394616	0.0010859342269176047	0.042552125727431826	0.004328150499417569	0.02792703228529746	1.8176218439680447E-4	0.11009631117378761	5.328958285892396E-5	8.68584310729015E-4	0.08295020492554142	0.07090346625931278	0.13078643129545842	0.027383692497023236	0.08243909613824088	0.0035351606814328505	0.07905335505170061	0.004750872988788536	5.248098597794611E-4
16	16	0.050900267388111695	0.0602373436559384	5.626380605945199E-4	0.09770171377980916	0.038770854399969336	0.08323948264414005	0.011494222196096391	5.690972282835977E-4	0.013634453366454271	6.427140279650149E-4	0.009092047412769201	0.012294447088126928	9.889032462598833E-4	0.0010186640730067001	0.061462871744861244	0.0013666961396559632	0.015423684821479633	0.0082505204149702	0.09788951810100832	4.998846355362029E-5	8.147782893153708E-4	0.11282511544011971	0.10152463372400297	0.04996446961493408	0.0014473068347563508	0.026158811495236727	0.003316168778198724	0.04991619896851818	0.08795008903521832	4.922995666454706E-4
17	17	0.22905189237212914	0.03921877683699971	5.703183648432037E-4	0.025322564718305834	0.00380873493720302	0.10894668806241105	0.003460810057453873	5.768657035546843E-4	0.046581827967049495	0.006111696939469045	0.003755949094202577	0.0015418536742575041	0.017383030878645334	0.0037626741353783983	0.010429881620339554	0.009575666550399166	0.00471380714183056	0.06569534438815985	0.04189356125193102	5.067083226612859E-5	8.259004397624128E-4	0.010621256327279302	0.021007355229730292	0.001504625042413307	0.0069272728595356015	0.04562662632392205	6.313314549219737E-4	0.18164260991211273	0.10553128240570864	0.003229124477784615
18	18	0.0836823903394277	0.06259769944782236	5.846846171731765E-4	7.705551062057166E-4	0.0039046765209549035	0.008132638380940709	0.006346863235646512	5.913968825744101E-4	0.08414060387280412	0.06224316548671684	0.001051685227679466	0.009977320129770524	0.0094242800324523	0.0010585796718491538	0.03308361535687898	0.015414628023396755	0.002033671606528735	0.025367065646466937	0.1297140043323116	5.194722455327695E-5	8.467047744085966E-4	0.10605058107915094	0.06911741630871887	0.08550879980323986	0.018297273170125115	0.018787197847281365	6.472346197933198E-4	0.04067662520934796	0.11938510608445643	5.11589961323408E-4
19	19	0.13117256268904318	0.0010672382735991647	6.10307229007836E-4	0.0037258539219130024	0.006997321820722376	0.011410565493173028	0.01246806319979036	0.01230343687964639	0.0732202403273146	6.971675841433711E-4	0.0010977731895816603	0.048394456362072874	0.003994218282446915	0.0011049697687170836	0.05790568384745969	0.010247081066526487	0.002122793120320538	0.0031064791357972	0.05359559359432288	5.422370580748151E-5	0.05054983362968094	0.10485497006039372	0.06922481541746545	0.02790390172065282	0.08629432247412604	0.005002854464660446	6.755983580238498E-4	0.007400825713699599	0.212262839321068	5.34009348823072E-4
20	20	0.15777796341021702	0.017966545335783027	0.00341221146639012	0.048760870241549764	0.006760316157570211	0.02513695874275051	7.554549470779026E-4	5.964046703370645E-4	0.0029983825210746487	6.735538830958131E-4	0.0038831665109006356	0.0015940776625080941	0.023616961764959615	0.0010675434362562377	0.010783151210242734	0.004254851299693829	0.027454075275727935	0.045339898344469554	0.1957316328785887	5.238709950542303E-5	8.538744398782669E-4	0.1408194993109457	0.061234956071890126	0.07776513733842425	0.07208115157964112	0.024591434521026755	6.527152263099755E-4	0.004327577107095418	0.03854132558028105	5.159219658085514E-4
21	21	0.14448069939475794	0.00387554387380145	5.929830466120537E-4	0.04903769547634666	0.04653909902336678	0.039472667437765466	0.009275544501067014	5.997905792037881E-4	0.03707860767896684	0.0035159780117813197	0.012421012710407825	0.018634728930578777	0.0379440411324383	0.020943805692250145	0.07329357434322005	0.04401941013925541	0.02193273710787157	1.7969838368432387E-4	0.08613743169148487	5.268451157065233E-5	8.587220562381765E-4	0.01104334933617154	0.00481059462700028	0.06401362447026085	0.08952197209593474	0.010538043882952208	0.006333621278036551	0.0015135454015506693	0.16081994222719545	5.188509582283818E-4
22	22	0.09934509675672316	0.10352040490835628	5.946710800757038E-4	7.837162528417964E-4	0.02959149608126066	0.008271544534968837	0.04346211882074746	6.01497991539879E-4	0.05141756272562146	0.08607973057455363	0.0010696481006589788	0.01584109523886703	0.05797882142608359	0.02385010683924123	0.07919557938949906	0.004291187910417057	0.041921938329493515	0.0741939111719686	0.09776936073427481	5.283448755909826E-5	8.611665638428819E-4	0.011074786226883244	0.0019776080373536593	0.001568872851090577	0.004376388063905336	0.03618816968413435	0.014891693527501748	0.0015178539822110584	0.10719080974702727	5.203279612980993E-4
23	23	0.03466078346276093	0.0010641293868113957	6.085293916422928E-4	0.024106142742515834	0.009889958809836143	0.014290346613748443	0.00369268248872002	6.155153985615487E-4	0.02348560267154353	0.12886803123340138	0.0010945753539628644	0.004558177379360388	0.10011225392784129	0.0040147712991488674	0.0489979424237035	0.004391190451394447	0.00794265004046883	0.011836490888416143	0.1350040377758866	5.4065751050105495E-5	0.012533316648833275	0.08124536276226864	0.09524034509131267	0.0016054341191717625	0.021956498102107896	0.002075260718065793	0.003586650656104032	0.036509470256257115	0.18542733038637071	5.324537687336301E-4
24	24	0.07148880602405826	0.0010488527400377464	5.997933406669891E-4	0.05534328578757233	0.08727040538983137	0.03131240029949851	0.015124474302442471	0.006349081047391354	0.03176204622912671	6.85157334573728E-4	0.0010788616247332473	0.021719946135080118	0.026895017025215472	0.009699537213350427	0.042552125727431826	0.0014569495039399622	0.007828625316954208	0.034636174130128095	0.20197474302907106	5.328958285892396E-5	8.68584310729015E-4	0.005427778047646016	0.13119868716434252	0.010195989485398887	0.007285285528679987	0.007787870255823077	0.0035351606814328505	0.06756855106979018	0.11672771181241523	5.248098597794611E-4
25	25	0.2618763691896497	0.012716210706139023	0.0035215497214741995	0.003715000433692486	0.056498284087146654	0.02885544826290798	0.009518723148383833	0.0035285357283934555	0.0030944603627201827	6.951367207974616E-4	0.004007595683794771	0.001645157049528481	0.006895603373220267	0.02731893393780412	0.07230210506235875	0.0014781701215625402	0.022507751689628364	0.04970575517623093	0.1408300784355504	5.4065751050105495E-5	8.812353295056483E-4	0.0637672407832772	0.004936714866523567	0.004518454449003669	0.021956498102107896	0.02246640302688914	6.736303262721252E-4	0.013205307617601863	0.15047108642838783	0.0063584944283974435
26	26	0.17555393745247183	0.0010195785894284016	0.008956244544578466	0.12915734567083428	0.012266970138676947	0.01369206754692412	0.006329148734538327	0.003380810195913472	0.0029649078117448308	6.660341552771886E-4	0.009421941726520881	0.015531600671044272	0.02056223202370328	0.0010556251082995951	0.027409148991352144	0.001416285111713639	0.0494760824765289	0.10065499092028943	0.0763217493951349	5.18022365280509E-5	8.443415672450441E-4	0.010858413171527267	0.018685354263105056	0.01828460471911727	0.0042908846115215764	0.015943697636986793	0.017391811785698326	0.1326682041626524	0.12463402249961299	5.10162081030368E-4
27	27	0.15558224986622407	0.003800036384756936	0.0061480210847751435	0.13993104493665437	0.006666236367034075	0.002520776140130339	7.449416749876633E-4	0.0033714004018251345	0.09480540986608584	0.06746327439928872	0.0010458309259797304	0.004355189299829664	0.00658852333454657	0.006619278159425284	0.06351570381888695	0.04037848134641186	0.010372237739867401	0.03357574431462743	0.06219284548751712	0.0028349536395058297	0.011975173850745391	0.005261599830270755	0.007500165063444913	0.001533939756065274	0.018195419730900962	0.010332730445934623	6.436317292752658E-4	0.0432334906506345	0.1883029276052051	5.087421491631557E-4
28	28	0.12750600642848012	0.16662091806552995	6.067618819448205E-4	0.015322447152960763	0.012765792127673729	0.014248839454740274	7.773975839217863E-4	6.137275975927821E-4	0.05536753953142669	0.06168886273599335	0.0010913960949503747	0.027781412199487095	0.14919897987342223	0.018525906605737323	0.03723738783657808	0.030519469584526195	0.036965173038231776	0.008897551809278079	0.032952335408808556	5.3908713870645214E-5	8.786757292430335E-4	0.03744099144554011	0.0020178165959258564	0.001600771040587126	0.0073699277037180405	0.007878351579413212	6.71673727050214E-4	0.0015487148604007752	0.1413203563677737	5.309072251933871E-4
29	29	0.10907497987785966	0.11636681676502753	0.003573599562353267	0.03628674417933249	0.030728667281152682	0.020413715109012	7.911858613825271E-4	6.24612949664798E-4	0.10955892917670054	0.030266169859653105	0.0011107535929513702	0.007581624845736237	0.06907511639135797	0.027722718145585575	0.05267822647686844	0.0015000180367432789	0.052401183552932155	0.11547409435465304	0.0010199584014133811	5.486486336193939E-5	8.94260321996335E-4	0.008544303160525249	0.01683398488688915	0.010497390670839194	0.01636887172297121	0.043490996114949936	6.835868380544154E-4	0.0015761835722213752	0.1142661197903749	5.40323637436334E-4
30	30	0.16671800417622543	0.10655364714144155	0.0035421866448914555	8.066798534863221E-4	0.001157642291399462	0.005583817170121984	0.01250459576155522	0.02698994287162078	0.04999405302569981	0.0036293015087857333	0.0011009897651002118	0.0016547979697839716	0.1680910266698785	0.004038298590935521	0.0668656262600197	0.0014868324679750712	0.049010471658748694	0.0880882250447943	0.03617208660893027	5.438258620853409E-5	8.863995292034947E-4	0.02897983451951534	0.0606373769569765	0.019195389216214942	0.0015745290636290739	0.0020874221242354702	0.00360766908286743	0.0044924196476335285	0.08396077774722631	5.355740448954516E-4
31	31	0.10826622493968702	0.017716514304326657	5.814299169472555E-4	0.07591524650663367	0.05119896570965717	0.01087066289187217	0.014661419594557383	5.881048179111905E-4	0.011306542348667521	0.05911338764754689	0.0010458309259797304	0.001571893715915721	0.09287068643587883	0.006619278159425284	0.0050664965566941216	0.006978934339444531	0.02150542007552318	0.12820779416770153	0.028793298480549796	0.005618249223419773	8.41991515089616E-4	0.07206069384420541	0.007500165063444913	0.001533939756065274	0.051594966737868286	0.013116026029848566	0.1036255683340912	0.03766689948280661	0.06305462632907761	5.087421491631557E-4
32	32	0.15662184588218467	0.06706914182969173	5.750280250957524E-4	0.04204757616742206	0.017603436435123496	0.005245670715495858	0.006242039083552076	5.816294313996346E-4	0.04146119868688496	6.568673612509221E-4	0.025808164183600657	0.026328434706936483	0.042300427552608454	0.03407289425412997	0.013268660887426252	0.004149442258277904	0.03227923183747741	0.06623785322412813	0.06976601447922968	5.108926943981658E-5	8.327206838812935E-4	0.06300931292284911	0.015675533245357545	0.0042696999914557925	0.03451097624328663	0.01297161072248796	0.07495809040691895	0.059273362996233585	0.08162890592297466	5.031405931986057E-4
33	33	0.0725984031448285	0.06860848373746742	0.049985907145885314	0.08138543574471034	0.011437012850839265	0.020572370526595107	0.06314991378487275	0.03958324200956488	0.06001329029656788	0.037052141981367	0.09726017232754641	0.022287444725216727	9.55449693878111E-4	9.84203743288252E-4	0.025554703867443566	0.003922688701997143	0.04092418234680588	1.6473467530290657E-4	8.978669158637083E-4	4.8297406627373864E-5	0.01900280034540324	0.01532820877136056	0.004410010416593024	0.004036374740240863	0.04043174271257976	0.025273886530220654	0.09167968556693648	0.040420907328971474	0.038134754325098795	0.023895683635926666
34	34	0.01998190237533396	0.08946755846425462	0.09919114023657277	0.18790255799512617	0.02376780381237981	0.014940260282859026	0.06898201798380724	5.345442140934416E-4	0.012806630918492273	0.046140305035007434	0.0034803956005076786	0.052024973727546324	0.03634622771794006	9.568153898286781E-4	0.06532055929822171	0.0012837165207785519	0.019546852062612762	1.6015045019198587E-4	0.021111376115834194	0.007636389006568588	0.015944179864006952	0.019961280186072496	0.00681710082507039	0.0013942389118404043	0.09243266030028413	0.006861883464076421	0.01070426159952628	0.01399795840249768	0.05984184987894449	4.624093597235142E-4
35	35	0.026370514079425145	0.05895501607644049	0.05131769259206074	0.1119691305281758	0.0033755956395427346	0.019128822238574573	0.03210279901453378	0.01986830391214234	0.01708811956359673	0.06590741154587725	0.013007333183161197	0.013464660595300274	0.003308036593898554	9.151428819329467E-4	0.08425230163568599	0.0012278063761292234	0.006597370776742536	0.007412065694745257	0.07584339767637213	4.490841270649117E-5	0.05154420920502202	0.04812746105106682	0.07668946650962559	0.0013335151476954645	0.006139485273748959	0.01382191583874171	0.06346991766710858	0.044843491971162955	0.07417294810016371	0.007701160218620046
36	36	0.024423653630688984	0.17115135482757157	0.059732833830577564	0.07470103984049177	9.74835458747016E-4	0.056517281221287616	0.04260604643992768	0.08194527471072274	0.03469716477513096	0.025262710994813774	0.06754669984754864	0.0013934837643654683	0.0033733343651230663	0.005867990026033428	0.03903493027505382	0.02099117427990458	0.09555369147184359	1.561989115824119E-4	0.010720909778351372	4.5794865796028664E-5	0.015550774523871554	0.02933832328946398	0.026388028329715037	0.0013598375793152492	0.003793281875474049	0.00669257393413011	0.022777103102448477	0.021054748492283313	0.05589792564729107	4.5099991044513004E-4
37	37	0.10557257875577011	0.029075238867663923	0.056923769328606794	0.08059349192331507	9.289917324942889E-4	0.011535006517540617	0.014737477313788383	0.007550908492398561	0.01895731343730952	0.10166946337689083	0.005586243145829475	0.001327952204492482	0.010268767497351674	0.012646106630444524	0.020739729083663082	0.017652662194766962	0.03462750311397977	0.002500210459366903	0.00551402175146755	4.364126410612713E-5	0.0030626803493742395	0.04676948286313769	0.04866064611813045	0.060079816710716334	0.038885251711713226	0.03694548407633671	0.12986838929345063	0.020064603829879575	0.07678277728272731	4.297906732872759E-4
38	38	0.015269949527213453	0.02165570157130529	0.016073310517509827	0.17415918464605884	0.006200290830659262	0.05153089778780172	0.04729043425147413	0.03420079269628821	0.049347557460913384	0.16370922106681832	0.003561484574134767	0.01958329792427358	9.505028465830895E-4	0.016511628446541887	0.009889873789351095	0.011668639166953418	0.012236009668550792	0.07782648388457618	8.93218203793896E-4	4.804734647573844E-5	7.831393882641125E-4	0.007482586653670507	0.03804097181144623	0.019547996807377746	0.05316617411011085	0.0044330035775251245	0.01354241124655662	0.00914658695640845	0.118188666903264	0.003061936338099532
39	39	0.050356588397137796	0.03963539423987644	0.07706286415381694	0.11120114741265633	0.014368532251633499	0.00383297854926849	0.013829186064546358	0.0474479372488686	0.021424372318702527	0.001009922749338383	0.01851885847376024	0.0023901507154551875	0.001553903978810926	0.01006497593848483	0.10927557695523454	0.002147545351144315	0.011539403294219111	2.679176821568679E-4	0.014156715062717212	7.854891032504708E-5	0.0647626010331887	0.054554243059729404	0.00294010529032632	0.07004690011164272	0.02343498112093749	0.011479330284254744	0.11101467566345799	0.0657388966976312	0.04509217661534475	7.735703753330115E-4
40	40	0.04626117101561358	0.014687933556780264	0.03889798062555284	0.1513205047012799	0.0065567402892819015	0.16125893236129193	0.06917217167315055	0.003316023559450102	0.008383248414999643	0.008866006831135597	0.0010286526595514648	0.061772804714613515	0.02290577557402243	0.0037729747517232	0.11448642258682774	0.00412672340928402	0.054003127091581254	1.7330318374414862E-4	9.445685603932763E-4	5.0809547654245156E-5	8.281614071656237E-4	0.03255096197707258	0.004639392672703106	0.0398348450411273	0.004208658173087104	0.0019502745509227726	0.04443431802509748	0.03431062424523412	0.06475650298034218	5.003858193162198E-4
41	41	0.11415053077572442	0.0010195785894284016	5.830527250219982E-4	0.05938074717453039	0.0011027143792683234	0.2481414384945052	0.053777235712024966	5.897462560613157E-4	0.011338099631301298	0.006248162034981499	0.0010487499069644145	0.06856181552823523	0.01218904020414681	0.0038466890481517507	0.11672319506662113	0.001416285111713639	0.0020279954990422514	1.7668908561181769E-4	9.630230191266984E-4	5.18022365280509E-5	8.443415672450441E-4	0.12529203470546565	0.07729769700000033	0.0350309883582302	0.02103726825063451	0.0019883779377260157	0.017391811785698326	0.015443518688861865	0.0018272091461181274	5.10162081030368E-4
42	42	0.25737788708449183	0.003908830696927183	5.980761438474031E-4	0.06091080062713159	0.0011311278301512078	0.23163140964896306	7.662692121297631E-4	6.049421459444979E-4	0.011630246485496655	6.831957422783923E-4	0.0010757728646134614	0.004479877533381011	0.09266657555721308	0.0010828252180735437	0.0309783765997898	0.004315759087628928	0.03929900093659745	0.0030442226049007654	0.009576779473314116	5.313701580624436E-5	8.660975705223505E-4	0.008275219225445728	0.11078220222668482	0.00444083695894639	0.044483178324002996	0.01635451613923637	6.620587821209527E-4	0.0043895259579825735	0.03909304095640953	0.014838211349968362
43	43	0.145460743725148	0.003552822505039288	5.43604609239936E-4	0.10740770023768159	0.03485705089451339	0.004959011830812357	0.26872580327934564	0.016163203965890754	0.02358212000640813	6.209716912072518E-4	0.008784473051444171	0.027491897623810976	9.55449693878111E-4	9.84203743288252E-4	0.05417919480971194	0.006524915151294268	0.03311750299891451	1.6473467530290657E-4	0.008704546263755084	4.8297406627373864E-5	0.008593894548214742	0.0023170765248749347	0.11110129483777514	0.001434148290943738	0.004000572422420007	0.007058301385140778	6.017598415370923E-4	0.001387510589514599	0.09278150976033843	0.023895683635926666
44	44	0.17669749916845595	9.94594790536715E-4	5.687655752365502E-4	0.0225309481053643	0.0065210365883234984	0.08686868932640206	0.09057687814459138	5.752950876949603E-4	0.019228285092535023	0.011540399966894188	0.001023051292816423	0.023319028397155536	9.996730813375278E-4	0.0119204443659567	0.14381239216803807	0.023162953082723786	0.0346503604336841	0.008340374244968262	9.394250604333772E-4	5.053287223090342E-5	0.0035463233696133543	0.08138179935775393	0.026395502271581064	0.06684464649482133	0.09131123132138891	0.0019396546367152882	0.006074955717730105	0.03412379112180686	0.0181184646453763	0.0059430042178336175
45	45	0.13406215439953292	0.006620183825483211	0.0033835603982901334	0.006368306668439631	0.0011058007398379469	0.17046743368572423	7.491116734125986E-4	5.913968825744101E-4	0.014168709344880195	6.678983021437906E-4	0.03183931881996599	0.007178444348653567	0.029016410500270998	0.020650710139667853	0.052675745824697674	0.05459888895903415	0.11678757863232397	1.771836164143243E-4	0.020557848868750287	5.194722455327695E-5	8.467047744085966E-4	0.022084307645642245	0.015938776467496696	0.0379279115242516	0.12745342863368644	0.013189446285047451	6.472346197933198E-4	0.012687867398178392	0.07460309358658511	0.022902596210259064
46	46	0.13089691441483733	0.0010195785894284016	5.830527250219982E-4	0.062171811114382546	0.0011027143792683234	0.08346866604322802	0.028657660253355574	5.897462560613157E-4	0.028084483270414233	6.660341552771886E-4	0.00383981384681657	0.06297968764853092	0.16011542901631107	0.009428816927856062	0.15579809022455132	0.004207349051565795	0.024356507017859495	1.7668908561181769E-4	0.023291534537943945	5.18022365280509E-5	8.443415672450441E-4	0.03039586075049236	0.010312162443548588	0.03782205229808236	0.0405747158295996	0.0019883779377260157	0.0034364920864375465	0.0042792629294532425	0.04369316824390046	0.04516718511866486
47	47	0.02646129857825058	0.021901875965272818	0.006568509462513063	8.186737977755247E-4	0.030911420288734934	0.14542869841144712	0.07811096248645821	6.283277184857704E-4	0.026948126075129517	0.01855154591254018	0.02193295568337911	0.04331059415609174	0.0010918262989957931	0.0011246845724870833	0.130306591581889	0.013403565451456444	0.005134324451180618	1.882481641939712E-4	0.001026024413445781	5.519116188631873E-5	0.006846891937030588	0.1543042914439297	0.09424917306187437	0.010559821940614385	0.028360848867018104	0.03185502435118082	6.876523430584255E-4	0.004559214213959399	0.0049204025657269244	0.08975323464399372
48	48	0.10804238168539589	0.011820912209007127	0.0032736112242228925	0.049488183816679326	0.0010698676209583292	0.11347748135335728	7.247692056920678E-4	0.03306729136460744	0.04078755553960075	6.461948720177221E-4	0.0010175105984278321	0.025900661989775323	9.94258999882292E-4	0.003732107006025684	0.05908781956246001	0.009497875961165725	0.001967587219923776	1.7142601495615423E-4	0.03342944926330535	5.025919367385047E-5	0.057685636990376654	0.005119119600494907	0.26996588806257765	0.001492401802599276	0.01770270122935096	0.11836996771830834	0.008749980655830054	0.00956764772699722	0.004480707726602183	0.008618743785727963
49	49	0.054623442908199246	0.006492972658042857	5.734495193729144E-4	0.055657619387967594	0.06696679725775893	0.0766037031621929	0.022695465403142028	5.8003280419893E-4	0.016641541866561804	6.550641988942572E-4	0.025737318358559396	0.026256160690637288	0.0010079056697210014	0.00927351902065162	0.04068317267336842	0.10845160655627814	0.029445528776220677	1.7377891719606278E-4	0.0201628163404103	5.0949024615796167E-5	0.01181080898824818	0.01067956901175602	0.1830832089984662	0.0015128857154119116	0.034416240384992275	0.048622218589330926	6.347975827317827E-4	0.12499289727304937	0.018267675286685485	0.0032468529753377226
50	50	0.010614532452300585	0.014607952718090433	0.006014108746258038	0.09876575249966513	0.011966379759344987	0.005188541761079752	0.008896730579269081	5.752950876949603E-4	0.027396299849067253	0.01970841472342642	0.001023051292816423	0.01787368522613405	0.08267982064665984	0.0037524296094244673	0.037628200333119054	0.03133096783925602	0.001978301407555177	1.7235948843603114E-4	9.394250604333772E-4	5.053287223090342E-5	0.019882352882677815	0.005146994963453105	0.2659906017965265	0.0015005284425634803	0.07497520180832445	0.010107669393247518	0.02513365681630531	0.06679585014793578	0.148806700749892	4.976610468121302E-4
51	51	0.16971644572236153	9.408033225837072E-4	5.380045703487193E-4	7.090355324354806E-4	0.008743773289064295	0.19033810477795624	0.2942870876489472	5.441809419466533E-4	0.07227214855696366	0.00834083210346351	0.006118559096892957	0.0014544934455820336	9.456069601091689E-4	9.740647946008936E-4	0.027866866726125643	0.001306859277589408	0.04822885211631203	1.6303763195053676E-4	0.024067389766672324	4.7799862362919654E-5	7.79105563902639E-4	0.0048686259057572805	0.012090837377215833	0.01687188908264463	0.016836455588724056	0.012136427354685684	5.955607062492369E-4	0.001373216904120502	0.07379777057331835	0.0030461647991129864
52	52	0.010118637375887118	9.481288098757636E-4	5.421936984571686E-4	0.13827459581874169	0.0062163835146442315	0.09838314877360506	0.30696041949630193	0.003143890604121385	0.03390280303283926	0.003214832418554756	0.003570728309200466	0.027420543161142955	9.529698505276851E-4	0.008768066596373346	0.020297432453266602	0.009103452356090459	0.012267767894448734	1.6430711099287332E-4	0.00608648141154568	4.8172052039439915E-5	0.0033806444472242554	0.015288424827905295	0.00958950924060559	0.0040258984408359354	0.14933664581347386	0.0018490368738875726	0.013577560201748802	0.016956743997572906	0.09254069790860425	0.003069883509485022
53	53	0.007849119716343918	0.011820912209007127	5.656852250593256E-4	0.24175092975729257	0.04168875760841183	0.010576293385141737	0.03592780719481844	5.721793746446399E-4	0.0028765915513108142	0.003354120871181289	0.009141288595918532	0.04214821798475672	0.11743507696391567	0.0010241810068621175	0.1267859695415492	0.0013740979636750249	0.018215143214905177	1.7142601495615423E-4	0.025305671265814653	5.025919367385047E-5	8.19191007941753E-4	0.04573800958794841	0.056039734128655906	0.02586373579507138	0.004163071233533125	0.04796389174005561	0.016873758653320754	0.02310727772281505	0.07759470970401848	0.0032028917874008297
54	54	0.0024666654556091973	0.0010027855577702195	0.08018116247332616	0.15173589364273873	0.02030020690544152	0.016211645059193883	7.347170020514813E-4	5.8003280419893E-4	0.019386635416698123	6.550641988942572E-4	0.006521663507605167	0.004295412289546739	0.006498092769993638	0.00927351902065162	0.1422516340284122	0.05629482910368809	0.026700435226084358	1.7377891719606278E-4	0.025653003440682942	5.0949024615796167E-5	0.003575528337839224	0.002444288361347064	0.0787696540932861	0.02621872766663878	0.04539661458553755	0.032151657288513005	0.12416400733886612	0.04813027786923246	0.06767935918913921	5.017594252014044E-4
55	55	0.04467138252130173	0.0934881863687348	0.005839227460684112	0.13818979806524034	0.01954891644327335	0.015611668203501674	0.04829053249453756	5.585663671537735E-4	0.0028081531138706714	6.308209245754537E-4	0.003636802860415436	0.1495289636361384	0.14107612362824412	0.006286814938572439	0.025960027082027496	0.027776409795082953	0.1023737893752013	0.0028108479011194985	9.121079850028453E-4	4.9063451900753615E-5	7.997012223574904E-4	0.007640828418296986	0.02562796055170517	0.03582240011413216	0.0014205251416965678	0.057396760125603	0.0032548047244822876	0.0014095178980448998	0.036096109379059126	4.831898080436723E-4
56	56	0.01843127112165833	0.13189181578614664	5.581283733934112E-4	0.13432313030569434	0.003727326991779773	0.01577851019356279	0.008730341608072375	5.645357692101303E-4	0.03757093300889903	0.04605733754879518	0.006347420866790883	0.10036370256856648	0.057087757863553835	0.001010499221294725	0.028909213517168224	0.022729753504634662	0.09545260424700691	1.6913597641649353E-4	0.011608861579537217	4.958779330025591E-5	8.082476340319651E-4	0.10390553901674414	0.007199586407629483	0.07628150640690602	0.004107457775035697	0.004575130183570296	0.013976594732872596	0.06554661677087678	0.0017490995664825976	4.883536603687668E-4
57	57	0.09553758654761657	0.02016309083811393	5.718796562171785E-4	0.03360462315260607	0.0065567402892819015	0.005216949843282432	7.327056564797304E-4	0.003316023559450102	0.046709349384335304	0.08004305148847325	0.003766231300218298	0.001546074619943185	0.05849429790269126	0.006510553392390033	0.059734849773491076	0.001389144768617187	0.0019891329189114255	1.7330318374414862E-4	0.017370040404394275	5.0809547654245156E-5	8.281614071656237E-4	0.005175175570404243	0.007376971313369939	0.01793421591579263	0.20678947758243277	0.0019502745509227726	0.0033706384150949823	0.004197259197898963	0.30840100199969034	5.003858193162198E-4
58	58	0.002473455321859785	0.02027409469530739	0.011585627350833242	0.0778320239760689	0.006592837109386003	0.10709371447856766	0.055789736049370785	5.816294313996346E-4	0.07174034683266306	6.568673612509221E-4	0.0037869655321256753	0.0345863842012396	0.034042478058305334	0.017556995265523737	0.09034285616758869	0.004149442258277904	0.00200008369169931	1.7425726970318937E-4	0.0174656676819766	5.108926943981658E-5	0.022853919335356278	0.15109410752874902	0.1808345231314199	0.0345488481372339	0.001479178266074158	0.029487509711094196	6.365449581908843E-4	0.0014677165361117552	0.018317959799984077	5.031405931986057E-4
59	59	0.005240530498687998	0.001008321431084086	5.766152449525736E-4	0.08356735530543256	0.0010905393193909514	0.11567006315271008	0.006259268658369439	5.832348727738623E-4	0.19062902453659825	0.017220167440860516	0.014838409804109201	0.004319125094424612	0.017574956771493618	0.014845209096406197	0.035387268297013934	0.009681391401556194	0.0075261000726644335	1.7473826295325278E-4	0.034075364216148485	5.123028848477854E-5	8.350191993396002E-4	0.007978277698924731	0.2558603625640306	0.0015212375944292972	0.01252425247327104	0.007486919928498358	6.383019800286143E-4	0.03459474172329738	0.06253248714312774	0.05570948592893765
60	60	0.09501735160313364	0.0037172663760474587	5.687655752365502E-4	0.11782445359824033	0.02285706610138796	0.1440447926221277	7.287158227368497E-4	0.016911324600759423	0.057345687289685435	6.497136248512129E-4	0.001023051292816423	0.009705670469601819	0.04728509003502017	0.0037524296094244673	0.034905528747608314	0.02588562466823453	0.0346503604336841	1.7235948843603114E-4	9.394250604333772E-4	5.053287223090342E-5	0.0035463233696133543	0.032373710818560546	0.25237724386897276	0.020559229541138684	0.004185740585045121	0.031889042077333465	6.296125467086186E-4	0.012342418437720907	0.023563807816397785	4.976610468121302E-4
61	61	0.06634553884061233	0.02495508309488146	5.566411665369054E-4	0.07001403485819475	0.001052762798441222	0.010407201791286735	0.2218776574724492	0.016550824915055544	0.03480618805192806	0.03527608273167756	0.001001242849171346	0.017492670843257025	9.783629923801776E-4	0.0036724388501694115	0.010179755431133254	0.0013521291692846253	0.015259291030283364	1.6868529124118334E-4	0.0035840315197019808	4.945566006763284E-5	0.006135358426682088	0.06099455316499272	0.29229605158891053	0.04410265739368496	0.001431880672957549	0.0018983069065156954	0.027262513436353927	0.0014207854385370347	0.02839076123614979	4.870523774619611E-4
62	62	0.17051211718397566	0.001039895493112693	5.946710800757038E-4	0.13457771465607646	0.00397136872744977	0.016811586986239135	0.05769552290619795	6.01497991539879E-4	0.057110924359801654	6.793060618506692E-4	0.02099641382028967	0.061387988312308614	0.018125289986822203	0.0010766603025204409	0.013721920596426773	0.004291187910417057	0.019148491792772726	0.005873571561806219	0.03514238275829264	5.283448755909826E-5	8.611665638428819E-4	0.07654844501995553	0.12438488317222791	0.001568872851090577	0.07554340849115782	0.024801446415773958	0.0035049702591413525	0.012904577250571455	0.05595055503940547	5.203279612980993E-4
